WasteGenerated	CollectedPlastic	FormalCollection	InformalCollectSorting	MixedCollection	FormalSorting	ExportedWaste	ImportedWaste	CLMechanicalRecyling	OLMechanicalRecyling	ChemicalConversion	UnsortedWaste	UnsortedManagedWaste	EngineeredLandfills	ThermalEnergyRecovery	FuelsFractionChemConversion	UncollectedWaste	MismanagedWaste	OpenBurning	TerrestrialDumping	DirectToWater	UnsanitaryDumpsites	OceanLeakage	RecycledPlasticPolymers	RecycledMonomers	VirginPlasticInput	ExternalSource
0	0	1971.06775908083	5266.21792998476	1971.07227871683	20.9959842472373	3113.8713507454	41.9919626359977	1316.55309326409	3703.14544385045	0	3593.90065829376	103.329207122246	5144.22972893037	0	0	1286.14307938825	3490.57145006105	317792.534844365	74073.0291686501	175.814713775505	133615.024535357	29404.2994053856	539135.925520722	0	0	0
0	0	2006.76147734884	5502.25872790426	2006.40875566565	21.2830792002065	5227.92289776652	42.5690260389255	1374.97291904969	3866.94831036929	0	3700.00378941119	106.348337637482	15623.6916305969	0	0	1698.28499433005	3592.56091726004	547808.490988137	131742.598213419	181.269051197889	226185.053393533	50203.1390700665	913569.15960531	0	0	0
0	0	2043.32209356423	5729.05411476303	2042.96328056985	21.5791688006978	7371.37814057018	43.1612554914423	1431.69788694597	4026.01504431861	0	3806.25166134767	109.403993528904	26413.137798859	0	0	2137.55402968327	3695.78425084459	806315.318044982	205981.906334018	186.870756104693	320600.61721444	72104.051321871	1304169.88223872	0	0	0
0	0	2080.34337669991	5964.26672760101	2079.97975414075	21.8793143331862	9544.64734323918	43.7615983629415	1490.47917314794	4190.842736098	0	3915.43191068177	112.54216016333	37511.9605679256	0	0	2599.69253481069	3801.79488583091	1095177.82999802	297665.823205086	192.631672575593	417196.499583696	95139.553998428	1710795.34752325	0	0	0
0	0	2117.91842933723	6208.38967563623	2117.54651197269	22.1837864374018	11748.1599157734	44.3706385922436	1551.48404112423	4361.89991567544	0	4027.88943676083	115.774527404562	48929.4193903306	0	0	3085.68568186322	3910.98771835704	1415884.50261579	407704.180253473	198.575464425536	516024.046385921	119356.403015415	2134058.59442316	0	0	0
0	0	3187.84756469836	6461.38104366749	3177.03378853409	21.135462962787	13915.5543125294	42.2601981851197	1614.71030613893	4538.10577762608	0	5154.00759953714	147.851086477726	62053.8588594404	0	0	2411.95979047995	4994.56828996171	1761362.86043693	514356.600515492	251.584475903043	634615.281711221	146546.073738087	2574530.19705613	0	0	0
0	0	3402.58234258627	6723.61154017705	3400.53231602033	20.1786063555606	15981.4862581434	40.3475936300341	1680.24354232497	4720.83242961378	0	5466.18962648776	157.077937565764	77351.8718438249	0	0	2595.58299118734	5306.2612166651	2130363.34654868	611088.966792175	267.768281441096	778816.253029807	177435.588757897	3032806.57862259	0	0	0
0	0	3608.36585451695	6995.12266417017	3606.3096282375	19.1910780370704	17950.3163577952	38.3722377600152	1748.09875995627	4910.03728591821	0	5754.71315604293	165.372254504517	93476.6072518524	0	0	2790.6781150357	5586.45213954631	2523876.02990237	715336.942598775	281.971049940332	931484.044501592	210082.49847127	3509527.60828016	0	0	0
0	0	3814.85538367878	7276.44740976845	3812.78068401476	18.1684486650996	19818.5789424246	36.3265143571892	1818.40215286898	5106.06896559135	0	6046.9203078337	173.772600990693	110436.560742854	0	0	2987.3602966031	5870.22485426942	2942064.95174937	827170.858396788	296.354674087006	1092654.87119348	244501.805915614	4005362.03551469	0	0	0
0	0	4021.04751913734	7567.2684192689	4018.99160905549	17.1120283808743	21582.927982767	34.2134927277914	1891.08815289172	5308.74489313151	0	6341.78294784822	182.249444886121	128240.118894747	0	0	3184.84541330639	6156.58173353011	3385041.0156663	946629.689286153	310.868567936067	1262361.96692352	280709.453856509	4520962.80265467	0	0	0
0	0	4226.90960975937	7868.346742044	4224.84380012663	16.018590897759	23239.7113312339	32.0261025038008	1966.32797358099	5518.54194064221	0	6639.40020241221	190.805575099458	146895.892460362	0	0	3383.30710805184	6445.61698965422	3852922.93227138	1073756.08097508	325.517600236526	1440639.95894942	318721.848894779	5057029.72775151	0	0	0
0	0	4431.3558752277	8179.22567245116	4429.3013268169	14.8895651791382	24785.4041459765	29.7676758431641	2044.02214529332	5735.18269873554	0	6938.62933917714	199.408277126379	166409.431260205	0	0	3581.94520715084	6736.22549159528	4345725.24308105	1208564.3747284	340.245750686741	1627483.78384571	358548.837500138	5614239.41587885	0	0	0
0	0	4634.07015358883	8500.33488377722	4632.03443177231	13.7227019802339	26216.2676448086	27.4335779873545	2124.27411815038	5958.95503283648	0	7239.25802549715	208.051360404281	186785.542332071	0	0	3780.73619575761	7028.19811550839	4863442.47532593	1351065.9977794	355.042543974879	1822878.17615479	400198.739203936	6193295.18783073	0	0	0
0	1.16368190929528e-10	4834.29777242754	8831.65264875261	4832.28621669661	12.517925583689	27528.5517742558	25.0236307541449	2207.07755657365	6189.84114348636	0	7540.52395535864	216.712931556045	208026.91677346	0	0	3979.26180446928	7320.79527963111	5406001.96538407	1501256.20523775	369.870573917501	2026780.14159272	443675.433579983	6794897.65935957	0	0	0
0	2.32860568942111e-10	5031.47430239309	9173.37441846493	5029.49461492742	11.2735777214949	28718.3445070652	22.5345315748496	2292.48246264693	6427.97971344535	0	7841.92605017368	225.37861293808	230134.934962854	0	0	4177.34492007467	7613.53129174115	5973294.49112519	1659123.7464084	384.705446188509	2239129.25796786	488980.134689075	7419765.28453335	0	0	0
0	2.32860568942111e-10	5150.25668605584	9525.81108398765	5149.07557633909	11.0115893237873	29832.0287795413	22.02068637748	2380.56546905878	6674.39455883357	0	8070.14567363177	231.961949445986	253009.871601057	0	0	4309.38591861143	7835.9234604283	6561306.7370621	1823395.4254614	395.99448009681	2458582.84031161	535888.290973596	8068660.93054179	0	0	0
0	2.32860568942111e-10	5254.20975766501	9888.69693141826	5253.17493581379	10.7551113030833	30920.5397284442	21.5076523927434	2471.26356917975	6928.14413687004	0	8285.44820178788	238.155298488346	276520.088562738	0	0	4432.97273054924	8045.14143421909	7165106.32475934	1992602.48685289	406.584334333109	2683392.74070119	584103.363097566	8742340.18770283	0	0	0
0	2.32860568942111e-10	5342.31374556573	10261.7991774689	5341.43901799717	10.4887018670533	31982.9132604909	20.9747497433861	2564.51599295909	7189.03787409987	0	8488.0615436338	243.984321305216	300631.380187852	0	0	4548.18424928824	8242.05207732748	7783425.30762737	2166429.58387151	416.551259527455	2913046.06818939	633550.439548279	9441513.58938644	0	0	0
0	2.32860568942111e-10	5412.83004870419	10645.2269426801	5412.12690595169	10.2120485435378	33018.1386318943	20.4213021133318	2660.34093735765	7457.1264828308	0	8676.26238432882	249.399431007917	325304.943092291	0	0	4654.66858733886	8424.98029146574	8414884.35683507	2344546.37204155	425.811221585665	3146971.91179569	684145.76626514	10166893.4137608	0	0	0
0	1.16181735952577e-10	5463.97880154174	11039.8301804911	5463.47661176648	9.92397195613725	34025.0858423527	19.8451056011732	2758.97508899234	7733.07172871315	0	8848.58856348712	254.358763124161	350498.014404747	0	0	4752.41865673891	8592.51184985515	9058026.78553651	2526621.63321218	434.293601246153	3384549.32484631	735798.225345017	10919261.4574256	0	0	0
0	0	5493.29967971838	11443.8277551806	5493.01113477528	9.62594465451806	35002.7713827101	19.2488786935547	2859.93930314144	8015.53319680656	0	9001.97010904851	258.773975062038	376159.329619745	0	0	4840.67559177106	8741.66244498253	9711181.40576549	2712290.71705904	441.848453963272	3625050.26806281	788399.942525317	11699264.4627385	0	0	0
0	0	5498.68613779542	11859.4626350012	5498.64366012185	9.31553147138376	35949.972193975	18.6278917605691	2963.81502362012	8306.13697794838	0	9135.03955353117	262.605914567002	402233.8735671	0	0	4920.06015463167	8871.10947169361	10372638.2657902	2901210.79253746	448.410425517294	3867698.91408976	841836.750166179	12507709.5480048	0	0	0
0	0	5477.33988139505	12284.8520436556	5477.56408789191	8.99402131294671	36865.5889108546	17.9848414441849	3070.14954396928	8603.61651109616	0	9244.43369404076	265.757893489014	428657.533700628	0	0	4990.26298530059	8977.58670057	11040489.9652438	3093023.74645567	453.816020536177	4111605.04540168	895977.252706686	13345284.061707	0	0	0
0	0	5426.32524475261	12719.9952376943	5426.86721440998	8.66110404983756	37748.4970131867	17.3187280382384	3178.88675398693	8907.81447478469	0	9327.18106041998	268.144622448859	455358.182067553	0	0	5051.76191084432	9058.21296489827	11712696.0360683	3287383.94661698	457.92183104319	4355778.10356385	950675.644167105	14212662.0661278	0	0	0
0	0	5342.34642982839	13165.0989407283	5343.158189734	8.31581284729767	38597.467689448	16.6284358289993	3290.20160576661	9219.21988808738	0	9380.10556699191	269.67491679164	482254.940292392	0	0	5105.42723975567	9109.90794922908	12387094.4676561	3483974.69481677	460.574900823332	4599117.98480789	1005770.93115768	15110561.7338571	0	0	0
