Var1	Var2	Var3	Var4	Var5	Var6	Var7	Var8	Var9	Var10	Var11	Var12	Var13	Var14	Var15	Var16	Var17	Var18	Var19	Var20	Var21	Var22	Var23	Var24	Var25	Var26	Var27	Var28	Var29	Var30	Var31	Var32	Var33	Var34	Var35	Var36	Var37	Var38	Var39	Var40	Var41	Var42	Var43	Var44
132963.94755723	375341.563111201	132963.94755723	0	0	132963.947557229	0	12768.3477167176	0	672.018300879871	0	132963.947557415	0	0	0	0	0	0	0	0	3447.43442978821	0	0	0	3941.3216954051	133142.074430235	0	3941.32171180254	225204.937866717	149761.283681368	375.341563111196	6657.10374920791	41826.9503520228	11980.9026945093	7032.44398519645	13439.1594727265	67827.4870573343	3391.37435286671	0	0	0	132265.657822731	0	9320.84123609403
135861.281418957	416796.463674976	135861.281418957	0	0	135824.548550745	0	13565.1737119491	0	713.956511155217	0	135795.789715087	0	0	0	0	0	0	0	0	3660.42167422908	0	0	0	4029.16264320993	136109.435867463	0	4028.25546047211	249762.494226448	166092.058660588	416.270823710747	6803.93951307561	42544.9987427448	13287.364692847	7218.26639926843	14288.3676599372	68991.8898530996	3449.59449265498	0	0	0	143384.123435152	0	9896.69563773049
138804.482671648	460505.706475627	138804.482671648	0	0	138764.215309662	0	14127.046229697	0	743.528748931422	0	138734.673737169	0	0	0	0	0	0	0	0	3812.76656787463	0	0	0	4118.89823237952	139140.800322231	0	4117.99890146799	275944.619491616	183503.171961925	459.907699152693	6955.52099796974	43392.9686121917	14680.253756954	7413.47596693537	14876.6054149611	70366.9761278783	3518.34880639392	0	0	0	154445.026864409	0	10308.5910909203
141796.451207336	506545.107899472	141796.451207336	0	0	141763.046526838	0	14707.1281080533	0	774.059374108068	0	141733.325466757	0	0	0	0	0	0	0	0	3969.3305041826	0	0	0	4210.47860329275	142234.483483058	0	4209.56484547908	303618.565254453	201906.345894211	506.030942090755	7110.18078819965	44254.2261452588	16152.5076715369	7614.20502642954	15487.4183669858	71763.6099652845	3588.18049826423	0	0	0	165965.697637565	0	10731.8935853826
144841.914433624	554983.413682253	144841.914433624	0	0	144812.296046445	0	15308.8968057414	0	805.731410828497	0	144781.658560421	0	0	0	0	0	0	0	0	4131.74878038177	0	0	0	4303.68189875965	145382.990776097	0	4302.74845836198	332707.398696617	221250.420133251	554.512331161029	7267.57290791165	45126.2407142103	17700.0336106601	7820.02350446997	16121.0725092124	73177.6876446654	3658.88438223327	0	0	0	177875.022554353	0	11171.0244802915
219385.003936415	523424.086365517	219385.003936415	0	0	218548.152471406	0	15932.8926336072	0	838.573296505641	0	217802.414617175	0	0	0	0	0	0	0	0	4300.16697230193	0	0	0	6388.36597790114	215805.85505337	0	6366.87807458053	314267.030633595	208987.575371341	523.778384389326	10753.9985315371	69392.6886242928	16719.0060297073	11241.8012169511	16778.1650065208	112528.68425561	5626.4342127805	0	0	0	188912.989791229	0	11626.3773695571
234046.58261998	552693.260924388	234046.58261998	0	0	233888.007935759	0	16579.4898645035	0	872.604729710712	0	233740.739732292	0	0	0	0	0	0	0	0	4474.68673037884	0	0	0	6869.81059241726	232069.570541164	0	6865.53518267606	331426.017249468	220398.301470896	552.37669541578	11596.2571307098	75061.8471598711	17631.8641176717	12141.1165969145	17459.0282946453	121721.914313305	6086.09571566523	0	0	0	198840.134811478	0	12098.2270858391
248842.928333021	582733.47428152	248842.928333021	0	0	248680.879602788	0	17249.1616294064	0	907.850612074024	0	248533.1214663	0	0	0	0	0	0	0	0	4655.43530894363	0	0	0	7301.27947358964	246645.052151396	0	7296.96356372662	349442.675878355	232379.379459106	582.404459797257	12324.9628043435	79923.7369550627	18590.3503567285	12899.7813176554	18164.1934039799	129606.059927128	6480.30299635642	0	0	0	208515.487613457	0	12586.9176871439
263740.579378665	613538.917150719	263740.579378665	0	0	263593.897152345	0	17942.496466604	0	944.341919294949	0	263443.6373279	0	0	0	0	0	0	0	0	4842.57080433676	0	0	0	7736.37138846649	261342.92372632	0	7732.02354876402	367941.36502326	244681.007740468	613.235608372101	13059.8024518785	84819.5357929252	19574.4806192375	13665.3787878599	18894.2579561641	137545.193177717	6877.25965888583	0	0	0	218407.015187813	0	13092.8766191327
233454.27708938	540367.341477946	233454.27708938	0	0	233775.427283499	0	18659.9634044022	0	982.103337073798	0	234079.920532814	0	0	0	0	0	0	0	0	5036.2212299543	0	0	0	6911.76796421263	233486.93556493	0	6920.40699736423	324686.001461821	215916.190972111	541.143335769701	11688.9385685616	74902.8294158916	17273.2952777689	12245.4051317322	19649.7533002613	121464.047701446	6073.20238507229	0	0	0	192657.639162148	0	13616.4499920987
246005.303561225	567425.960791458	246005.303561225	0	0	245880.970109717	0	19401.9836305127	0	1021.15703318488	0	245754.400720216	0	0	0	0	0	0	0	0	5236.49972700424	0	0	0	7241.98806660302	244642.124825953	0	7238.31008954574	340294.747006157	226296.006759095	567.157911676929	12225.8939407934	78388.5355413761	18103.6805407276	12786.5699348428	20431.0780064916	127116.54412115	6355.82720605751	0	0	0	166048.216665487	0	14157.9437063448
258538.201729037	595092.117326411	258538.201729037	0	0	258397.028717149	0	20168.7665097622	0	1061.51402682959	0	258271.858102491	0	0	0	0	0	0	0	0	5443.46417588741	0	0	0	7608.99576779627	257040.038633829	0	7605.32072051646	356868.288202594	237317.411654725	594.780480337656	12845.7945797385	82447.6917086373	18985.392932378	13434.0915834795	21238.4978024983	133698.95952752	6684.947976376	0	0	0	174094.41124956	0	14717.5142533252
271016.303369477	623354.145738286	271016.303369477	0	0	270895.473296392	0	20960.626020852	0	1103.19084320274	0	270769.970803671	0	0	0	0	0	0	0	0	5657.19807539044	0	0	0	7975.68767385269	269427.284543252	0	7972.02629622718	373848.279970229	248609.106180202	623.08046661705	13465.1799639889	86493.4721643918	19888.7284944162	14081.7914215752	22072.278330946	140259.684590906	7012.98422954529	0	0	0	182049.369713759	0	15295.3873890186
283401.145436839	652202.785436454	283401.145436839	0	0	283278.008842742	0	21777.8794674233	0	1146.20418249596	0	283153.127031541	0	0	0	0	0	0	0	0	5877.78729769358	0	0	0	8339.32305653636	281711.277814642	0	8335.6859241877	391149.573410543	260114.466318011	651.915955684237	14079.4205791313	90493.184006356	20809.1573054409	14724.9026696762	22932.8180133427	146745.703794091	7337.28518970454	0	0	0	190263.466589061	0	15891.7952863567
295649.266048983	681621.025630206	295649.266048983	0	0	295531.259323164	0	22620.6249106177	0	1190.55920582198	0	295408.198951767	0	0	0	0	0	0	0	0	6105.25991043094	0	0	0	8699.52414630236	293879.256987564	0	8695.92412947983	408802.305998038	271853.533488695	681.337176663397	14687.8822278916	94442.3442360953	21748.2826790956	15362.8428101188	23820.1833134661	153149.747409884	7657.48737049421	0	0	0	198719.852550425	0	16506.8138319059
300703.217776434	701710.715109576	300703.217776434	0	0	300651.674447418	0	23489.2795669631	0	1236.27787194543	0	300600.92923284	0	0	0	0	0	0	0	0	6339.72604879998	0	0	0	8858.94308340556	299264.599679618	0	8857.41194302995	420903.382294724	279900.749225991	701.505637157873	14960.6438057695	96021.4354853473	22392.0599380793	15659.3549276783	24734.8391059794	155710.435922185	7785.52179610924	0	0	0	205372.802947177	0	17140.7407986074
304685.238842607	721143.009930101	304685.238842607	0	0	304650.040420361	0	24383.9490483358	0	1283.3657393861	0	304610.296392997	0	0	0	0	0	0	0	0	6581.21680429992	0	0	0	8982.82071870909	303449.319074396	0	8981.58840482315	432582.59414146	287667.425104071	720.970990235767	15170.3845094759	97147.3679586243	23013.3940083257	15889.0873664136	25676.8517378152	157536.272365337	7876.81361826683	0	0	0	210001.368788339	0	17793.6602486627
307492.981414035	739815.488386282	307492.981414035	0	0	307467.49196144	0	25304.4625019899	0	1331.81381589421	0	307439.409686762	0	0	0	0	0	0	0	0	6829.68574288941	0	0	0	9073.03279332229	306496.77971854	0	9072.1392735696	443787.325489409	295118.571450457	739.645542482347	15323.3297831441	97863.9556956577	23609.4857160365	16061.2799510509	26646.088323907	158698.306533499	7934.91532667495	0	0	0	214426.335023918	0	18465.4466381825
309019.262040341	757624.082193126	309019.262040341	0	0	309005.442236609	0	26250.8421340024	0	1381.62327021065	0	308990.124330245	0	0	0	0	0	0	0	0	7085.13822425905	0	0	0	9126.76064036755	308311.764021551	0	9126.23285745964	454477.699897626	302227.670431922	757.462833162711	15414.6967474404	98137.5750311503	24178.2136345537	16171.090393707	27642.5489279888	159142.013564028	7957.10067820138	0	0	0	218277.52017735	0	19156.1144581819
309152.35682843	774457.645893452	309152.35682843	0	0	309151.426657062	0	27222.8272791363	0	1432.78038311244	0	309149.787990051	0	0	0	0	0	0	0	0	7347.50612291017	0	0	0	9140.76741250615	308784.927808404	0	9140.6323030582	464577.178990836	308943.824028906	774.29529831806	15439.0181833165	97929.8897658627	24715.5059223125	16212.9302959015	28665.9677374388	158805.226647345	7940.26133236725	0	0	0	221869.814316159	0	19865.4795174979
307777.602567981	790209.246708333	307777.602567981	0	0	307792.786738935	0	28220.4766954388	0	1485.28824712836	0	307806.391822008	0	0	0	0	0	0	0	0	7616.80125787772	0	0	0	9111.82246130352	307807.136309706	0	9112.12216846261	474023.184393204	315225.41762148	790.038640655339	15390.8630369507	97202.6949212253	25218.0334097184	16181.2522646096	29716.4114284811	157625.991764149	7881.29958820745	0	0	0	225158.31241247	0	20593.573771299
304774.89387899	804764.844929955	304774.89387899	0	0	304804.637508355	0	29243.6409994361	0	1539.13899997032	0	304834.830482255	0	0	0	0	0	0	0	0	7892.9869873344	0	0	0	9036.3361896196	305257.129083775	0	9037.11033712288	482772.800274015	321043.91218222	804.621333790024	15264.1640308403	95913.4113465601	25683.5129745776	16069.9314441545	30793.6805141816	155535.26164307	7776.76308215352	0	0	0	227915.197362384	0	21340.2981509412
300019.446254372	818007.834783288	300019.446254372	0	0	300061.853399772	0	30292.0382556255	0	1594.31780292766	0	300110.850894236	0	0	0	0	0	0	0	0	8175.98598185147	0	0	0	8910.74483188226	301014.518307001	0	8912.01535672642	490733.151219467	326337.545560946	817.88858536578	15052.8718999517	94019.6110239783	26107.0036448757	15872.7673247251	31897.5092775194	152464.234092938	7623.21170464688	0	0	0	230568.375609524	0	22105.4435805614
293378.468376463	829811.173514902	293378.468376463	0	0	293429.991416561	0	31365.0479633018	0	1650.79199806852	0	293494.510076675	0	0	0	0	0	0	0	0	8465.63470664211	0	0	0	8731.00988737625	294942.879093427	0	8732.81655861459	497831.860380945	331058.187153328	829.719767301574	14750.1955192869	91473.7982528611	26484.6549722663	15582.8546284319	33027.2331019619	148335.889058694	7416.79445293468	0	0	0	232683.175346687	0	22888.5679105509
284717.863737876	840059.138929011	284717.863737876	0	0	284793.020753626	0	32462.4250099679	0	1708.54868473515	0	284879.378585116	0	0	0	0	0	0	0	0	8761.86003473832	0	0	0	8494.06958042885	286938.781376691	0	8496.45631246287	503982.124046125	335148.112490673	839.970206743542	14350.9703872434	88239.7468949968	26811.8489992538	15194.8717664323	34182.6349387143	143091.481451346	7154.57407256731	0	0	0	234199.896526111	0	23689.4734272555
