Var1	Var2	Var3	Var4	Var5	Var6	Var7	Var8	Var9	Var10	Var11	Var12	Var13	Var14	Var15	Var16	Var17	Var18	Var19	Var20	Var21	Var22	Var23	Var24	Var25	Var26	Var27	Var28	Var29	Var30	Var31	Var32	Var33	Var34	Var35	Var36	Var37	Var38	Var39	Var40	Var41	Var42	Var43	Var44
132963.94755723	375341.563111201	132963.94755723	0	0	132963.947557229	0	12768.3477167176	0	672.018300879871	0	132963.947557415	0	0	0	0	0	0	0	0	3447.43442978821	0	0	0	3941.3216954051	133142.074430235	0	3941.32171180254	225204.937866717	149761.283681368	375.341563111196	6657.10374920791	41826.9503520228	11980.9026945093	7032.44398519645	13439.1594727265	67827.4870573343	3391.37435286671	0	0	0	132265.657822731	0	9320.84123609403
135861.281418957	416796.463674976	135861.281418957	0	0	135824.548550745	0	13565.1737119491	0	713.956511155217	0	135795.789715087	0	0	0	0	0	0	0	0	3660.42167422908	0	0	0	4029.16264320993	136109.435867463	0	4028.25546047211	249762.494226448	166092.058660588	416.270823710747	6803.93951307561	42544.9987427448	13287.364692847	7218.26639926843	14288.3676599372	68991.8898530996	3449.59449265498	0	0	0	143384.123435152	0	9896.69563773049
138804.482671648	460505.706475627	138804.482671648	0	0	138764.215309662	0	14127.046229697	0	743.528748931422	0	138734.673737169	0	0	0	0	0	0	0	0	3812.76656787463	0	0	0	4118.89823237952	139140.800322231	0	4117.99890146799	275944.619491616	183503.171961925	459.907699152693	6955.52099796974	43392.9686121917	14680.253756954	7413.47596693537	14876.6054149611	70366.9761278783	3518.34880639392	0	0	0	154445.026864409	0	10308.5910909203
141796.451207336	506545.107899472	141796.451207336	0	0	141763.046526838	0	14707.1281080533	0	774.059374108068	0	141733.325466757	0	0	0	0	0	0	0	0	3969.3305041826	0	0	0	4210.47860329275	142234.483483058	0	4209.56484547908	303618.565254453	201906.345894211	506.030942090755	7110.18078819965	44254.2261452588	16152.5076715369	7614.20502642954	15487.4183669858	71763.6099652845	3588.18049826423	0	0	0	165965.697637565	0	10731.8935853826
144841.914433624	554983.413682253	144841.914433624	0	0	144812.296046445	0	15308.8968057414	0	805.731410828497	0	144781.658560421	0	0	0	0	0	0	0	0	4131.74878038177	0	0	0	4303.68189875976	145382.990776101	0	4302.74845835664	332707.398696617	221250.420133251	554.512331161029	7267.57290790262	45126.2407141469	17700.0336106601	7820.02350479552	16121.0725092124	73177.6876445625	3658.88438222812	0	0	0	177875.022554353	0	11171.0244802915
153974.115134172	599866.187204898	153974.115134172	0	0	153872.80340503	0	15932.8940864294	0	838.57337296997	0	153781.594376536	0	0	0	0	0	0	0	0	4300.1674197884	0	0	0	4566.47779629092	154260.518076105	0	4563.79423767011	359620.886741075	239147.889682815	599.368144568458	7708.4932293721	47982.7863500732	19131.8311746252	8302.88001013886	16778.1650065208	77809.9238109295	3890.49619054647	0	0	0	190353.958206377	0	11626.3785794279
157296.516894021	653162.802983206	157296.516894021	0	0	157260.097210837	0	16579.4882238974	0	872.604643363021	0	157227.01299796	0	0	0	0	0	0	0	0	4474.68655098684	0	0	0	4673.20225889132	157865.784898053	0	4672.18623914395	391547.080073717	260378.808249022	652.578466789528	7891.57313305894	49017.9186563856	20830.3046599217	8541.90611632772	17459.0282946453	79488.5167400847	3974.42583700423	0	0	0	203352.767209393	0	12098.2266008163
160684.434034011	709074.43706285	160684.434034011	0	0	160653.006805618	0	17249.1809518271	0	907.851629043531	0	160618.892340964	0	0	0	0	0	0	0	0	4655.44026535595	0	0	0	4776.91122190306	161369.184909397	0	4775.87405348076	425133.471446185	282713.758511713	708.555785743643	8066.70741237995	49988.2015495584	22617.1006809371	8772.94788577347	18164.1934039799	81061.9484587434	4053.09742293717	0	0	0	216484.866077341	0	12586.9310878142
164141.0954995	767681.139728389	164141.0954995	0	0	164105.994466939	0	17942.4928237283	0	944.341727564645	0	164071.169581677	0	0	0	0	0	0	0	0	4842.56985582708	0	0	0	4882.57660311044	164938.674825892	0	4881.51753379739	460251.607079762	306067.318708042	767.086011799605	8245.14491642564	50972.4933186916	24485.3854966434	9009.85095931819	18894.2579561641	82658.0972735539	4132.9048636777	0	0	0	230253.724176369	0	13092.8740546436
140575.605372055	684167.504085848	140575.605372055	0	0	140828.244538171	0	18659.9624533928	0	982.103287020675	0	141064.978711516	0	0	0	0	0	0	0	0	5036.22088256181	0	0	0	4235.53632418532	143080.960172342	0	4242.24218968776	411037.617747741	273340.015802248	685.062696246235	7165.37457509463	43102.1745418185	21867.2012641798	7862.60350477701	19649.7533002613	69895.418175922	3494.7709087961	0	0	0	206005.650252283	0	13616.4490528523
143600.448010639	737266.440227211	143600.448010639	0	0	143568.857470076	0	19401.9770412376	0	1021.15668638092	0	143538.440282005	0	0	0	0	0	0	0	0	5236.49804235732	0	0	0	4305.88859858078	145457.535463016	0	4304.9490547041	442027.134018165	293948.04412208	736.711890030275	7271.28983315418	43557.668664672	23515.8435297664	8005.88331936282	20431.0780064916	70634.0572940627	3531.70286470314	0	0	0	180092.740992079	0	14157.9391515587
146696.500773832	792772.8575534	146696.500773832	0	0	146667.222644696	0	20168.7889101646	0	1061.51520579814	0	146636.08959479	0	0	0	0	0	0	0	0	5443.46999528775	0	0	0	4402.03778752869	148705.558197683	0	4401.0755366382	475348.773377237	316106.934295863	792.247955628728	7433.65261652338	44400.333707235	25288.554743669	8223.71637601784	21238.4978024983	72000.5411468676	3600.02705734338	0	0	0	190743.994472846	0	14717.5299872595
149869.689290595	850749.997232905	149869.689290595	0	0	149837.921065841	0	20960.6219190252	0	1103.19062731711	0	149806.042543936	0	0	0	0	0	0	0	0	5657.19700580025	0	0	0	4500.49694917664	152031.61428789	0	4499.51038632748	510101.723282046	339217.645982561	850.169538803411	7599.9143568317	45260.6549460768	27137.4116786049	8447.83460484621	22072.278330946	73395.6566693137	3669.78283346569	0	0	0	201525.767382488	0	15295.3844971636
153125.229090843	911267.167062961	153125.229090843	0	0	153090.847444565	0	21777.8716121278	0	1146.20376905936	0	153058.185318023	0	0	0	0	0	0	0	0	5877.78534961098	0	0	0	4601.55284506522	155445.390846068	0	4600.53997759615	546376.823344604	363340.587524162	910.628038907674	7770.55875482679	46141.8853814956	29067.247001933	8678.87031962986	22932.8180133427	74824.6789970199	3741.23394985099	0	0	0	212799.615312606	0	15891.7900193186
156470.962341744	974381.405450024	156470.962341744	0	0	156434.787118085	0	22620.6103140541	0	1190.5584375818	0	156401.390416451	0	0	0	0	0	0	0	0	6105.25609431326	0	0	0	4705.46208409255	158955.55639604	0	4704.42117252082	584219.36695725	388505.879026571	973.698944928749	7946.01966433195	47047.0504142712	31080.4703221257	8917.32912562733	23820.1833134661	76292.5141853046	3814.62570926523	0	0	0	224585.63061711	0	16506.8035142544
159912.132741714	1040162.94122353	159912.132741714	0	0	159881.311333735	0	23489.2958181238	0	1236.27872726967	0	159846.924538998	0	0	0	0	0	0	0	0	6339.73058102994	0	0	0	4812.55062988773	162573.122338832	0	4811.47957673762	623744.235636373	414789.916698188	1039.57372606062	8126.84705072916	47979.8442974136	33183.193335855	9163.9557913723	24734.8391059794	77805.1529147247	3890.25764573624	0	0	0	236909.743293181	0	17140.7530524143
163457.109452618	1108657.21487341	163457.109452618	0	0	163421.253578737	0	24383.9326663715	0	1283.36487717745	0	163385.712988241	0	0	0	0	0	0	0	0	6581.21217133508	0	0	0	4922.56073968517	166289.381847363	0	4921.45765109781	664778.637391786	442077.793865537	1107.96439565298	8312.60591658411	48937.1844505946	35366.223509243	9418.01925499982	25676.8517378152	79357.5964063697	3967.87982031848	0	0	0	249794.162626594	0	17793.6477224985
167115.979406332	1179904.80770588	167115.979406332	0	0	167083.413697475	0	25304.4651373921	0	1331.81395459959	0	167046.705228066	0	0	0	0	0	0	0	0	6829.68626553979	0	0	0	5036.31926746654	170132.266936037	0	5035.18076430556	707562.401841524	470528.997224614	1179.27066973587	8504.69035390366	49928.9205080971	37642.3197779691	9681.32528026898	26646.088323907	80965.8170401575	4048.29085200787	0	0	0	263261.956092328	0	18465.4480512743
170898.170705326	1253946.12406724	170898.170705326	0	0	170865.184927061	0	26250.8464468913	0	1381.62349720481	0	170827.568636216	0	0	0	0	0	0	0	0	7085.13970104006	0	0	0	5153.76271055193	174099.632416213	0	5152.58667143832	751980.228297588	500066.851817896	1253.30038049598	8702.99522767535	50954.3133472019	40005.3481454317	9953.57211912498	27642.5489279888	82628.6162387057	4131.43081193528	0	0	0	276869.104519872	0	19156.1184509602
174815.331975915	1330811.20877588	174815.331975915	0	0	174778.494162167	0	27222.8305876363	0	1432.78055724402	0	174739.162378948	0	0	0	0	0	0	0	0	7347.50627967739	0	0	0	5275.1993803404	178201.893377654	0	5273.98200161197	798053.011695399	530705.252777441	1330.08835282567	8908.03845092082	52017.102247121	42456.4202221953	10235.2996287314	28665.9677374388	84352.057698034	4217.6028849017	0	0	0	291093.284005635	0	19865.47994135
178877.037554264	1410541.0003261	178877.037554264	0	0	178841.312315409	0	28220.5029165889	0	1485.28962718889	0	178800.755440968	0	0	0	0	0	0	0	0	7616.80861345391	0	0	0	5401.18362918616	182457.776437495	0	5399.92247777909	845903.836190181	562526.051066471	1409.83972698364	9120.75866951107	53123.8612181248	45002.0840853176	10527.6699771965	29716.4114284811	86146.8019753376	4307.34009876688	0	0	0	305923.271098236	0	20593.5936585976
183095.101247514	1493164.05966018	183095.101247514	0	0	183057.295852108	0	29243.6524571834	0	1539.13960300965	0	183015.16186199	0	0	0	0	0	0	0	0	7892.99041995399	0	0	0	5531.79567873779	186869.991569074	0	5530.48674680753	895454.126392307	595476.994050885	1492.42354398718	9341.28872222384	54275.5979269864	47638.1595240708	10830.6783726691	30793.6805141816	88014.4831248427	4400.72415624214	0	0	0	321113.659045836	0	21340.3074317274
187482.151484325	1578704.05982902	187482.151484325	0	0	187444.501019955	0	30292.0432002097	0	1594.31806316893	0	187399.584514927	0	0	0	0	0	0	0	0	8175.98734088056	0	0	0	5667.52195626087	191454.970807177	0	5666.16475410745	946781.865472053	629609.940538916	1577.96977578676	9570.45615313328	55478.2283238448	50368.7952431132	11145.2525332055	31897.5092775194	89964.6945792078	4498.23472896039	0	0	0	337268.964818473	0	22105.4472549734
192054.051791392	1667157.85435478	192054.051791392	0	0	192020.468662584	0	31365.0529382586	0	1650.79225990835	0	191975.895571012	0	0	0	0	0	0	0	0	8465.6359683171	0	0	0	5808.99961703942	196234.237940726	0	5807.58302973793	999904.87813009	664936.743956511	1666.50813021682	9809.31920511074	56739.4377642026	53194.9395165208	11472.5767630523	33027.2331019619	92009.8990770852	4600.49495385427	0	0	0	353904.278789594	0	22888.5713217462
196823.667599379	1758545.26143801	196823.667599379	0	0	196782.652078152	0	32462.4259795467	0	1708.54873576561	0	196734.981017542	0	0	0	0	0	0	0	0	8761.8602197391	0	0	0	5955.94303055597	201198.144064466	0	5954.46878973	1054655.63433949	701345.996835763	1757.75939056582	10057.4171314029	58056.067506438	56107.6797468611	11811.7718001921	34182.6349387143	94144.9743347644	4707.24871673822	0	0	0	370932.637123655	0	23689.4739274428
