Var1	Var2	Var3	Var4	Var5	Var6	Var7	Var8	Var9	Var10	Var11	Var12	Var13	Var14	Var15	Var16	Var17	Var18	Var19	Var20	Var21	Var22	Var23	Var24	Var25	Var26	Var27	Var28	Var29	Var30	Var31	Var32	Var33	Var34	Var35	Var36	Var37	Var38	Var39	Var40	Var41	Var42	Var43	Var44
419627.943834151	86365.8384401229	132359.239312846	287268.704521304	0	132359.239312846	88407.9958489368	247542.388377023	0	17681.5991697874	0	132359.54281108	0	0	1127.9213849775	281.980346244375	3326.39620136682	2819.80373640021	64537.7678673437	23870.1333207983	67140.9121313539	0	0	0	6938.66323216962	234395.486565049	0	6938.66309614159	51819.5030640737	17273.1676880247	17273.1676880247	11719.7740984938	60964.1709951441	1727.31676880247	28992.9418817022	66357.3207043465	93791.0323002217	1563.18387167036	0.303498233360429	0	0	131915.324201167	2819.80373640021	181529.132799587
433903.514888242	114376.634179196	134785.125677046	299118.389211193	0	134756.65650871	92371.3384477301	258639.747653644	0	18474.267689546	0	134732.892320755	0	0	1143.34796916754	285.836992291885	3372.66170442604	2858.56298571392	67401.9904029062	24929.503299705	70111.2708458743	0	0	0	7143.55048910789	241316.79787158	0	7141.43733479997	68428.7468520028	22809.5822840009	22809.5822840009	12062.2706626218	61866.7777736263	2280.95822840009	34812.7034863523	70550.379067696	95179.6581132712	1586.32763522119	0.303498233360429	0	0	142480.826363965	2859.02324919881	189560.102657364
448670.69457158	143884.232067037	137239.916050213	311430.778521365	0	137211.229081443	96178.0237003411	269298.466360955	0	19235.6047400682	0	137187.162468102	0	0	1159.25094359403	289.812735898508	3419.57069570603	2898.32355190499	70182.2551884855	25957.8204121796	72994.8520162309	0	0	0	7348.64918453404	248245.251797025	0	7346.59607659505	86123.6416863603	28707.8805621201	28707.8805621201	12408.7947804316	63301.7710522037	2870.78805621201	41054.6196549698	73454.867361011	97387.3400803134	1623.12233467189	0.303498233360429	0	0	152953.699621975	2898.78825038171	197356.451747587
463941.774920997	174933.782184177	139726.175945632	324215.598975362	0	139697.607723925	100127.183766101	280356.114545082	0	20025.4367532201	0	139673.175836071	0	0	1175.37679205254	293.844198013136	3467.13212522492	2938.64305446211	73064.0308824097	27023.6826551378	75983.6199588429	0	0	0	7559.46460164851	255366.822712999	0	7557.35091565984	104746.20550327	34915.4018344233	34915.4018344233	12764.7710066555	64763.3321268427	3491.54018344229	47614.8212183775	76470.8231601911	99635.8955797581	1660.59825966263	0.303498233360429	0	0	163808.742750168	2939.10632692677	205437.194703538
479726.639983844	207566.921418699	142248.231397197	337478.408586646	0	142220.454893579	104225.001813479	291830.005077741	0	20845.0003626958	0	142195.469413019	0	0	1191.73221254783	297.933053136957	3515.35506748306	2979.53495468101	76054.1729361043	28129.6256065043	79084.6750131749	0	0	0	7776.55795675843	262700.469108332	0	7774.38177832316	124324.511000179	41441.5036667263	41441.5036667263	13131.3477733283	66259.4586644098	4144.15036667264	54503.7323708472	79599.5598357766	101937.628714477	1698.96047857461	0.303498233360429	0	0	174974.163082033	2979.9851713362	213821.528739325
566113.543307204	161448.387152866	214881.830421716	351231.71288549	0	214083.773130842	108472.890409242	303724.093145878	0	21694.5780818484	0	213355.909704669	0	0	1135.40278062977	283.850695157442	3374.67136833413	2837.78334679266	79154.0251112532	29276.1462740252	82279.9233705738	0	0	0	9951.17677076832	336161.425195687	0	9928.80303486997	97173.0670608319	32391.0223536103	32391.0223536103	16770.2808199208	91958.6107532732	3239.10223536104	49215.9833892891	82844.0259547184	141474.785774266	2357.91309623777	0.303498233360429	0	0	185276.294544804	2836.20355494988	222460.533557477
594120.555072413	174438.838587008	228638.095683694	365482.459388718	0	228489.329984417	112874.99332554	316049.981311511	0	22574.998665108	0	228351.480632266	0	0	1084.00314147682	271.000785369205	3213.38055203122	2709.36023493233	82366.3882995927	30464.280603959	85592.8048188806	0	0	0	10553.5330599166	356509.66674542	0	10548.029718026	104579.012821011	34859.6709403373	34859.6709403373	17816.1878976667	98397.6657693242	3485.96709403373	52640.471267398	86205.8629548358	151381.024260499	2523.01707100831	0.303498233360429	0	0	194498.556165941	2707.97350439348	231417.583399196
622701.088583201	187542.763494179	242459.324459955	380241.764123246	0	242307.505180414	117432.968425236	328812.311590661	0	23486.5936850472	0	242169.239844723	0	0	1030.95359181559	257.738397953897	3046.49171018135	2576.7162154367	85692.6030279716	31694.5244076059	89023.1689781607	0	0	0	11110.5643673625	375326.781796546	0	11104.9871434113	112439.294063145	37479.7646877151	37479.7646877151	18756.9188594602	104010.568534441	3747.97646877149	56200.9880236027	89687.692856817	160016.259283756	2666.93765472926	0.303498233360429	0	0	203426.398612799	2575.25840652048	240692.271681694
651835.937363187	200739.901019148	256313.804743841	395522.132619347	0	256173.342245521	122155.756870245	342036.119236687	0	24431.1513740491	0	256034.000030043	0	0	976.016773772375	244.004193443094	2873.87319245178	2439.34462558328	89138.9080136581	32969.1851557366	92577.3912835968	0	0	0	11674.7229458898	394384.663709687	0	11669.0798352471	120363.661761495	40121.2205871648	40121.2205871648	19709.7016689618	109664.827438671	4012.12205871649	59794.7862692305	93292.4664829116	168715.119136417	2811.91865227362	0.303498233360429	0	0	212526.394360052	2437.95256167283	250301.835692688
681500.740059882	214007.964190459	270166.059155947	411334.680903931	0	270019.424185391	127038.026557951	355706.474362261	0	25407.6053115901	0	269881.25990085	0	0	919.264892567053	229.816223141763	2695.39065855551	2297.45173128019	92702.0035726302	34287.0424172742	96252.0733518993	0	0	0	12244.0081568295	413615.728764674	0	12238.3092687646	128320.503812072	42773.5012706909	42773.5012706909	20671.1607106537	115334.405969308	4277.35012706907	63408.5087346215	97022.8074272719	177437.547645089	2957.29246075148	0.303498233360429	0	0	221342.934293158	2295.94810833828	260237.087210691
711665.599731622	227324.175152905	283977.853734424	427687.745997195	0	283843.208024512	132092.457174824	369858.880089506	0	26418.4914349647	0	283704.447883121	0	0	860.524239339161	215.13105983479	2510.90702717406	2150.56620504384	96390.2930499869	35651.2042787623	100055.872023851	0	0	0	12818.6116690477	433026.451741391	0	12812.8627389327	136316.61641472	45438.8721382403	45438.8721382403	21641.612335783	121020.8807753	4543.887213824	67043.9623480965	100880.68367398	186185.970423538	3103.09950705896	0.303498233360429	0	0	230320.883318318	2149.1349820773	270521.43176819
742295.411744486	240665.799371838	297708.5258319	444586.885912587	0	297555.067604629	137306.213801403	384457.398643928	0	27461.2427602806	0	297418.159734759	0	0	799.941663506245	199.985415876561	2320.28242395299	1999.09670090927	100195.329183548	37058.5464103533	103980.078105309	0	0	0	13395.7026964284	452521.205648466	0	13389.9191150313	144310.013558207	48103.3378527355	48103.3378527355	22616.2915032628	126688.431199059	4810.3337852736	70683.1962909485	104867.407282356	194905.278767783	3248.42131279638	0.303498233360429	0	0	239437.639443142	1997.40087370416	281131.322284725
773355.862534932	254013.333894046	311318.203871361	462037.658663571	0	311174.878607663	142699.073867245	399557.406828287	0	28539.8147734491	0	311038.896875964	0	0	737.227779069438	184.30694476736	2123.37412855418	1842.28253316661	104130.812791304	38514.1362378796	108038.802009772	0	0	0	13976.3963839246	472137.661278546	0	13970.5885129329	152323.656773296	50774.552257765	50774.552257765	23597.073258339	132350.439786361	5077.4552257765	74335.0841447514	108984.28989213	203616.061209787	3393.60102016312	0.303498233360429	0	0	248245.002964848	1840.63118670881	292104.909137532
804813.833998956	267347.730501132	324765.432728635	480048.401270319	0	324626.748789359	148263.200084951	415136.960237862	0	29652.6400169901	0	324491.880684023	0	0	672.478659443628	168.119664860907	1920.036520748	1680.37892960845	108191.225965941	40015.9328915124	112226.356277781	0	0	0	14558.2709069137	491794.006798169	0	14552.4474502737	160326.126133944	53442.0420446483	53442.0420446483	24579.8642093244	137975.807277384	5344.2042044648	77985.2645511139	113233.298753101	212270.472734438	3537.84121224062	0.303498233360429	0	0	257179.001151517	1678.70899390703	303426.815121407
836624.026429258	280648.497578077	338003.523193046	498620.503236208	0	337878.432841079	154003.830819149	431210.726293618	0	30800.7661638298	0	337745.749388859	0	0	605.57511475749	151.393778689373	1710.12102552872	1513.0946154389	112380.640800853	41565.4424879869	116546.924963881	0	0	0	15140.6375857888	511466.977871523	0	15134.8144296315	168313.687133854	56104.5623779509	56104.5623779509	25563.5132705233	143555.876139974	5610.45623779509	81631.5172057511	117614.762037445	220855.194061498	3680.91990102496	0.303498233360429	0	0	266234.429087153	1511.51499330421	315108.352680123
863683.530302368	289462.980923837	345919.839217579	517763.691084786	0	345841.536366868	159914.843920285	447761.562976798	0	31982.9687840572	0	345762.338008198	0	0	591.557476971177	147.889369242794	1666.5451884328	1478.72687624642	116694.412727983	43160.9471733637	121010.408360789	0	0	0	15580.6797706898	526332.074877645	0	15576.3163758337	173625.46184179	57875.1539472636	57875.1539472637	26309.233735956	147320.341688705	5787.51539472636	84159.3171494529	122130.975114689	226646.679521085	3777.44465868475	0.303498233360429	0	0	274275.897358217	1478.39907390544	327176.289271762
890367.993968249	297753.677425736	352888.639648841	537479.354319409	0	352827.318187047	166010.26176965	464828.73295502	0	33202.05235393	0	352757.957132985	0	0	577.769851244416	144.442462811104	1621.27729899326	1444.25272185977	121142.916598573	44806.2842213899	125613.63093383	0	0	0	15996.6261583767	540383.190008123	0	15992.4721291837	178608.434420313	59536.1448067715	59536.1448067715	27012.1431223135	150714.896960115	5953.61448067712	86524.6965807724	126782.265580073	231869.07224633	3864.48453743884	0.303498233360429	0	0	281143.068538455	1443.94958605123	339622.039191465
916562.947460028	305489.104570091	358798.233526677	557764.713933352	0	358744.136575567	172274.636500283	482368.982200793	0	34454.9273000566	0	358685.187127136	0	0	563.456714114335	140.864178528584	1574.27640020316	1408.46183308914	125714.514916715	46497.1493527575	130344.190198117	0	0	0	16387.8272872863	553598.383754728	0	16383.9158767299	183250.976266736	61083.6587555793	61083.6587555793	27673.3126055329	153747.735260373	6108.36587555785	88734.8536183132	131567.97729904	236534.977323651	3942.24962206086	0.303498233360429	0	0	287891.989817297	1408.13397376977	352412.069794909
942146.789279483	312641.255587229	363527.019352853	578619.769926624	0	363484.688799687	178717.852803589	500409.987850048	0	35743.5705607177	0	363437.681121034	0	0	548.575346149788	137.143836537447	1525.50068705705	1371.2521407679	130416.857696881	48236.3720248737	135209.997212565	0	0	0	16751.5918378663	565886.740456206	0	16747.9579070041	187546.339114093	62515.4463713642	62515.4463713642	28288.1991186917	156385.192340857	6251.5446371364	90783.1969990962	136488.110586281	240592.603601317	4009.87672668863	0.303498233360429	0	0	294009.14836655	1370.91900446299	365567.770241379
966981.480301917	319188.823745658	366942.516016161	600038.964285758	0	366911.592450685	185333.81911636	518934.693525807	0	37066.7638232719	0	366877.685341907	0	0	533.125785148667	133.281446287167	1474.90749032654	1332.62067331295	135245.19676725	50022.1960645993	140206.134700534	0	0	0	17083.7348009156	577106.886012792	0	17080.4171330153	191477.725630715	63825.9085435714	63825.9085435714	28849.7405816255	158575.450054319	6382.5908543571	92656.9296013175	141541.352962886	243962.230852799	4066.03718087998	0.303498233360429	0	0	299914.184159822	1332.27075593292	379075.845671815
990925.321695602	325119.578018412	368901.635181487	622023.68651412	0	368885.111194607	192130.176223546	537964.49342593	0	38426.0352447093	0	368865.828766094	0	0	517.076522926513	129.269130731628	1422.4532600395	1292.48037516234	140204.159307792	51856.3328946627	145337.386402616	0	0	0	17380.4694704286	587130.901433913	0	17377.5092345926	195042.665968358	65014.2219894526	65014.2219894526	29351.5450746074	160271.015879338	6501.42219894526	94348.6153522933	146728.033650008	246570.79366052	4109.51322767533	0.303498233360429	0	0	305609.803069255	1292.15460317093	392949.229903368
1013815.43010762	330431.565319559	369245.662005992	644569.768101615	0	369243.263861632	199100.721810238	557482.021068667	0	39820.1443620476	0	369240.235197168	0	0	500.409985426576	125.102496356644	1368.09354865854	1250.83132700225	145294.123590446	53738.9224238635	150604.138144334	0	0	0	17637.1852401335	595803.035494247	0	17634.629299626	198236.275565009	66078.7585216698	66078.7585216698	29785.834654117	161414.639399966	6607.87585216698	95850.0514410305	152047.167659079	248330.214461487	4138.83690769144	0.303498233360429	0	0	310796.101918081	1250.53520490602	407188.966093939
1035470.12391993	335136.787543164	367798.472885133	667671.651034799	0	367811.371748954	206227.500042841	577437.000119957	0	41245.5000085682	0	367826.036640444	0	0	483.189208019006	120.797302004752	1311.78299395264	1207.75769845581	150493.92279815	55662.1358294528	155984.487964996	0	0	0	17847.8062027325	602918.037528115	0	17845.7034776676	201057.163652112	67019.0545507043	67019.0545507044	30142.3502609994	161930.812670547	6701.90545507043	97148.4526653338	157497.442983227	249124.327185457	4152.07211975762	0.303498233360429	0	0	316022.366547669	1207.37648990743	421735.837831286
1055674.38961598	339261.646724062	364358.949335963	691315.440280011	0	364389.682621976	213530.544337496	597885.524144988	0	42706.1088674991	0	364425.074943225	0	0	465.309466060793	116.327366515198	1253.47530155711	1163.04366259247	155823.231479514	57633.2499992723	161498.781909368	0	0	0	18007.6130564708	608316.484460192	0	18006.0240885981	203534.712399331	67844.9041331108	67844.9041331108	30413.1403710543	161761.894727334	6784.49041331105	98247.0041873328	163075.578005585	248864.453426667	4147.74089044446	0.303498233360429	0	0	320736.24942941	1162.64164303779	436644.854791996
1074201.58204473	342859.841808328	358704.614717558	715496.967327177	0	358750.478778423	221006.15052838	618817.221479463	0	44201.2301056759	0	358806.881866582	0	0	446.758869079775	111.689717269944	1193.12322721609	1116.66903852446	161280.029076242	59651.5176035417	167144.924234766	0	0	0	18109.8831067672	611771.276456598	0	18108.8726941212	205698.393439562	68566.1311465199	68566.1311465199	30586.8571816811	160824.216316907	6856.61311465204	99144.1420153505	168780.501023975	247421.871256779	4123.69785427966	0.303498233360429	0	0	324846.87114133	1116.29309105181	451910.350708811
