Var1	Var2	Var3	Var4	Var5	Var6	Var7	Var8	Var9	Var10	Var11	Var12	Var13	Var14	Var15	Var16	Var17	Var18	Var19	Var20	Var21	Var22	Var23	Var24	Var25	Var26	Var27	Var28	Var29	Var30	Var31	Var32	Var33	Var34	Var35	Var36	Var37	Var38	Var39	Var40	Var41	Var42	Var43	Var44
419627.943834151	86365.8384401229	132359.239312846	287268.704521304	0	132359.239312846	88407.9958489412	247542.388377035	0	17681.5991697883	0	132359.54281108	0	0	1115.56566886219	278.891417215548	3326.37498956499	2788.91444368052	64537.767867405	23870.133320821	67137.5760875411	0	0	0	6938.47850602899	234389.246317877	0	6938.47837005293	51819.5030640737	17273.1676880247	17273.1676880247	11719.462086223	60961.8589842171	1727.31676880247	28992.6298691675	66357.3207043465	93787.4753603341	1563.1245893389	0.303498233360429	0	0	131915.324201167	2788.91444368052	181520.113125574
433903.514888242	114376.634179196	134785.125677046	299118.389211193	0	134756.648476041	92371.3274815788	258639.716948421	0	18474.2654963158	0	134732.885601713	0	0	1132.02047459226	283.005118648064	3376.27061440843	2830.25707914761	67401.9837067656	24929.5008230503	70108.2026616708	0	0	0	7143.3803770365	241311.051303342	0	7141.26706626636	68428.6912018813	22809.5637339604	22809.5637339604	12061.9830699368	61864.6467118306	2280.95637339604	34812.4001128846	70550.379067696	95176.3795566624	1586.27299261104	0.303498233360429	0	0	142480.826363965	2830.74816033573	189551.807196369
448670.69457158	143884.232067037	137239.916050213	311430.778521365	0	137211.897249704	96178.865238319	269300.822667293	0	19235.7730476638	0	137187.716922176	0	0	1149.0052334002	287.251308350049	3426.91467362456	2872.72473340658	70182.7649608677	25958.0089581292	72992.6107353281	0	0	0	7348.53672724212	248241.45286908	0	7346.48341626152	86128.460682045	28709.486894015	28709.486894015	12408.6044910861	63300.361008154	2870.9486894015	41055.7620670283	73454.867361011	97385.1707817753	1623.08617969625	0.303498233360429	0	0	152953.699621975	2873.20938274077	197350.391988109
463941.774920997	174933.782184177	139726.175945632	324215.598975362	0	139697.31730591	100126.808792204	280355.064618171	0	20025.3617584408	0	139672.875134237	0	0	1166.23720191718	291.559300479294	3478.31839372893	2915.80727259556	73063.7474587284	27023.5778272009	75980.8555883541	0	0	0	7559.30552381383	255361.448893113	0	7557.19160195389	104744.029379515	34914.6764598384	34914.6764598384	12764.501917262	64761.3381744366	3491.4676459838	47613.8007826522	76470.8231601911	99632.8279606717	1660.54713267786	0.303498233360429	0	0	163808.742750168	2916.30752348189	205429.720664809
479726.639983844	207566.921418699	142248.231397197	337478.408586646	0	142218.76573215	104222.771664671	291823.76066108	0	20844.5543329343	0	142194.016312413	0	0	1183.73030017256	295.932575043141	3530.49316963486	2959.54105950228	76052.7724421615	28129.107615594	79081.0611511527	0	0	0	7776.32827764344	262692.710301469	0	7774.15188286519	124311.397258355	41437.1324194518	41437.1324194518	13130.9594675702	66256.5813187424	4143.71324194519	54499.5834440906	79599.5598357766	101933.202028834	1698.88670048057	0.303498233360429	0	0	174974.163082033	2960.05213633412	213811.757927191
496039.638877552	241825.351720199	144807.92599206	351231.71288549	0	144779.379060925	108472.320576505	303722.497614214	0	21694.464115301	0	144754.06132592	0	0	1201.49407338395	300.373518345987	3583.45056717939	3003.95773974729	79153.6487547461	29276.0070736732	82297.1752815688	0	0	0	7999.8730294063	270244.291795666	0	7997.63228622819	144865.971250337	48288.6570834456	48288.6570834456	13508.4298543816	67788.2950986276	4828.86570834456	61724.7203405328	82844.0259547184	104289.684767119	1738.16141278532	0.303498233360429	0	0	186621.822036445	3004.4529183791	222507.177613131
512891.860773981	277747.465194091	147409.401385262	365482.459388719	0	147380.797107203	112874.341777036	316048.1569757	0	22574.8683554071	0	147355.108015122	0	0	1219.51952293065	304.879880732662	3637.20232568707	3049.02419022969	82366.0489584029	30464.1550942038	85628.8559554784	0	0	0	8229.98576008681	278017.746662679	0	8227.68070363128	166411.452646351	55470.4842154502	55470.4842154502	13896.9939691575	69356.438759071	5547.04842154501	69291.8073557545	86205.8629548358	106702.213475494	1778.37022459156	0.303498233360429	0	0	198701.069393789	3049.51971215479	231515.054990738
530297.157950771	315371.784410347	150055.393827523	380241.764123246	0	150031.068396361	117439.604447531	328830.892453088	0	23487.9208895063	0	150004.797589484	0	0	1237.84451504114	309.461128760284	3691.76036057238	3094.84198009498	85697.4001819034	31696.2986974163	89083.8049698556	0	0	0	8467.23617495869	286032.320157732	0	8464.85869061787	189015.535407825	63005.1784692746	63005.1784692746	14297.6003093276	70967.0180779585	6300.51784692746	77223.192938892	89687.692856817	109180.027812244	1819.66713020406	0.303498233360429	0	0	210828.855780264	3095.26250783714	240856.213437017
548270.438786764	354741.66147318	152748.306167421	395522.132619346	0	152719.146539359	122153.110904119	342028.710531533	0	24430.6221808238	0	152692.428682141	0	0	1256.38190211584	314.095475528961	3747.13676598098	3141.18869958653	89137.1030478952	32968.5175656599	92651.0221994013	0	0	0	8710.81842583792	294260.789864799	0	8708.37290280777	212589.211883788	70863.0706279293	70863.0706279294	14708.9088736856	72608.9528256749	7086.30706279293	85488.8390431598	93292.4664829116	111706.081270269	1861.76802117115	0.303498233360429	0	0	223494.179176621	3141.69144545469	250500.911872455
566825.946689796	395896.891764652	155491.265785861	411334.680903931	0	155462.237334505	127038.044338826	355706.524148712	0	25407.6088677652	0	155435.125711125	0	0	1275.23293305451	318.808233263628	3803.34381747071	3188.31811361641	92702.0156806696	34287.0468955902	96347.9933879753	0	0	0	8962.03249322015	302747.070519413	0	8959.51627328242	237276.759068745	79092.253022915	79092.253022915	15133.1034955478	74297.4020053735	7909.22530229155	94138.8489983795	97022.8074272719	114303.695392882	1905.06158988137	0.303498233360429	0	0	236231.109920264	3188.81681713649	260496.426567489
585976.391822043	438875.520612647	158288.64582485	427687.745997194	0	158261.973622653	132093.335054875	369861.338153651	0	26418.6670109751	0	158234.155340228	0	0	1294.380546167	323.59513654175	3860.39397473275	3236.19300282911	96390.9805517459	35651.4585602348	100173.515045592	0	0	0	9220.85044734697	311490.218624378	0	9218.2555067462	263079.439158479	87693.1463861605	87693.1463861605	15570.1279373743	76031.1813830913	8769.314638616	103172.483083029	100880.68367398	116971.048281679	1949.51747136131	0.303498233360429	0	0	249534.20578973	3236.64906939353	270839.503641786
605732.943906891	483714.551916484	161146.057994302	444586.885912587	0	161116.519775876	137309.77108992	384467.359051775	0	27461.9542179839	0	161088.069612439	0	0	1313.78043182783	328.445107956957	3918.29988435376	3284.69693147021	100197.710279675	37059.4270897427	104121.064144691	0	0	0	9486.94321755713	320479.117819785	0	9484.27349831841	289950.614096896	96650.2046989659	96650.2046989659	16019.4465920147	77805.8104067098	9665.02046989654	112574.902349311	104867.407282356	119701.246779553	1995.02077965923	0.303498233360429	0	0	263396.880513312	3285.19880543443	281512.506761572
626106.963410559	530458.356371089	164069.304746992	462037.658663571	0	164040.252476455	142701.68014289	399564.704400092	0	28540.336028578	0	164011.073444395	0	0	1333.49456133776	333.37364033444	3977.07438261903	3333.98704532582	104132.479283039	38514.752611535	108201.297631564	0	0	0	9761.20379857253	329743.93442519	0	9758.45493390001	317996.279846114	105998.759948705	105998.759948705	16482.5537414026	79631.8501658623	10599.8759948705	122382.383591763	108984.28989213	122510.538716711	2041.84231194519	0.303498233360429	0	0	277339.321690656	3334.47678751595	292544.249152008
647111.746879337	579154.816153973	167063.345609014	480048.401270318	0	167033.050981794	148264.080819004	415139.426293211	0	29652.8161638008	0	167003.203576524	0	0	1353.49361797098	338.373404492746	4036.73049835835	3383.98785038784	108191.808530152	40016.1483604672	112410.604711541	0	0	0	10043.4694973144	339279.172493883	0	10040.639175945	347197.254229001	115732.418076335	115732.418076335	16959.1780601076	81506.5229116876	11573.2418076334	132588.738173663	113233.298753101	125394.650633366	2089.91084388943	0.303498233360429	0	0	291870.128719063	3384.49393932871	303924.968294168
668756.443684229	629844.095951649	170135.940448018	498620.503236208	0	170106.698839935	154003.52280403	431209.863851285	0	30800.704560806	0	170076.11924255	0	0	1373.80872473781	343.452181184453	4097.2814558337	3434.77820319538	112380.392755132	41565.3507450489	116753.855603162	0	0	0	10334.3006169264	349103.759667051	0	10331.3863663004	377617.012043357	125872.337347786	125872.337347786	17450.2656577503	83436.7113293261	12587.2337347786	143215.784857199	117614.762037445	128364.171275886	2139.40285459811	0.303498233360429	0	0	307011.737177362	3435.26134841865	315667.831815955
691055.630349647	682572.422335294	173291.939264864	517763.691084787	0	173260.451962641	159914.465349892	447760.502979697	0	31982.8930699785	0	173228.956164188	0	0	1394.40566858223	348.601417145557	4158.74067767118	3486.27617700783	116693.998774633	43160.7940673299	121226.657364465	0	0	0	10633.4704261417	359210.036719305	0	10630.4704247163	409227.807276886	136409.269092296	136409.269092296	17955.434672664	85418.690629711	13640.9269092295	154253.380761403	122130.975114689	131413.370199556	2190.22283665926	0.303498233360429	0	0	322787.390753338	3486.79026864492	327760.962503923
714018.865937839	737365.543220352	176539.511618433	537479.354319408	0	176512.004225203	166011.890355587	464833.292995644	0	33202.3780711174	0	176479.98300095	0	0	1415.356251313	353.839062828249	4221.12178783629	3538.64911863685	121144.261188597	44806.7815355085	125841.077874471	0	0	0	10942.0605332123	369634.541537557	0	10938.9710431327	442140.862681817	147380.287560605	147380.287560605	18476.5087624401	87465.8463534526	14738.0287560605	165742.502087625	126782.265580073	134562.840543773	2242.71400906289	0.303498233360429	0	0	339221.166944707	3539.09212267458	340236.988327274
737653.287441402	794247.60689918	179888.573508042	557764.713933352	0	179856.98100166	172273.216279003	482365.005581209	0	34454.6432558006	0	179823.655110758	0	0	1436.56405993515	359.141014983788	4284.4386146538	3591.67773308386	125713.422834844	46496.7454320654	130578.702161147	0	0	0	11259.0603264932	380343.134576431	0	11255.8173834339	476226.614073159	158742.204691052	158742.204691052	19011.7847220547	89565.8136438	15874.2204691051	177634.382594038	131567.97729904	137793.559452	2296.5593242	0.303498233360429	0	0	356338.006487662	3592.17850451471	353046.120657917
761967.978276708	853239.472369799	183348.208350087	578619.769926621	0	183317.051732202	178717.571857409	500409.201200744	0	35743.5143714817	0	183282.875595252	0	0	1458.12315974917	364.530789937293	4348.70519387362	3645.57597601275	130416.799012097	48236.3503195426	135455.416049279	0	0	0	11585.8654808106	391382.963228591	0	11579.3772740007	511624.922505909	170541.640835304	170541.640835304	19563.6179886726	91736.0461674145	17054.1640835303	189982.143331313	136488.110586281	141132.378719099	2352.20631198499	0.303498233360429	0	0	373533.391215106	3646.06118208242	366231.310059161
786968.722651949	914355.724642538	186929.75836619	600038.964285758	0	186898.48747577	185335.552990588	518939.548373647	0	37067.1105981177	0	186863.013301886	0	0	1480.00093139067	370.000232847667	4413.93577178172	3700.27458765059	135246.567788461	50022.7031546363	140463.109884827	0	0	0	11922.2499704593	402746.392103271	0	11909.9554627377	548293.267324093	182764.422441365	182764.422441365	20131.6258302223	93974.219746422	18276.4422441365	202768.251728635	141541.352962886	144575.722686803	2409.59537811338	0.303498233360429	0	0	391446.100517686	3700.75209981366	379770.630429347
812665.893440744	977616.041656762	190642.206926621	622023.68651412	0	190609.791479302	192126.832942164	537955.132238058	0	38425.3665884327	0	190573.066766582	0	0	1502.20110870437	375.550277176093	4480.14480835849	3755.77868172477	140202.989232519	51855.900127096	145602.054658308	0	0	0	12268.4897448295	414442.743066872	0	12250.3601976292	586238.208471403	195412.736157135	195412.736157135	20716.2755908599	96283.6690047686	19541.2736157135	215996.958481931	146728.033650008	148128.721545798	2468.8120257633	0.303498233360429	0	0	410066.101275225	3756.26338131086	393664.814446536
839066.571939499	1043031.63603478	194496.803837885	644569.768101615	0	194463.02419997	199091.401886164	557455.92528126	0	39818.2803772329	0	194424.909126257	0	0	1524.73346034995	381.183365087488	4547.34698048386	3812.11357773792	145285.890663332	53735.8773686297	150872.073826975	0	0	0	12624.9145075221	426483.153860672	0	12590.0611546143	625475.023857785	208491.674619261	208491.674619261	21318.1241890664	98668.9048539414	20849.1674619261	229673.365981868	152047.167659079	151798.31515991	2529.97191933183	0.303498233360429	0	0	429050.266975001	3812.60733203054	407913.38479145
866177.173151486	1110609.60469872	198505.52211669	667671.651034799	0	198471.286897773	206229.183538779	577441.713908582	0	41245.8367077557	0	198431.44948263	0	0	1547.60875639651	386.902189099126	4615.55718519111	3869.30794866904	150495.03088442	55662.5456695801	156272.920352532	0	0	0	12991.885368896	438879.823179935	0	12939.1819766742	666019.461773405	222006.487257802	222006.487257802	21937.7806577132	101134.951910197	22200.6487257803	243802.728593461	157497.442983227	155592.233707995	2593.20389513325	0.303498233360429	0	0	449203.159600984	3869.796442011	422515.673545736
893999.038063288	1180335.64409562	202683.597783277	691315.440280011	0	202650.378102471	213536.680582357	597902.7056306	0	42707.3361164714	0	202609.190095821	0	0	1570.83810738346	392.709526845865	4684.79054296899	3927.38173433801	155828.642983013	57635.2515142652	161802.767919962	0	0	0	13369.7926886714	451645.937794717	0	13297.9838754897	707868.713319298	235956.237773098	235956.237773098	22575.9052220448	103687.982273174	23595.6237773099	258387.277968704	163075.578005585	159519.97272796	2658.66621213266	0.303498233360429	0	0	469865.667212535	3927.84338864114	437466.742894713
922539.883556962	1252211.45486945	207042.91622979	715496.967327177	0	207007.985977586	221006.542669206	618818.319473778	0	44201.3085338413	0	206965.329853879	0	0	1594.40130553942	398.600326384855	4755.06240111348	3986.28894539736	161280.766810724	59651.7904642403	167455.437947024	0	0	0	13758.5509899035	464778.610202139	0	13666.7353061089	750981.31796002	250327.105986671	250327.105986671	23232.3509797195	106327.325360372	25032.7105986672	273411.215689057	168780.501023975	163580.500554418	2726.34167590696	0.303498233360429	0	0	490918.829510662	3986.76103947078	452749.887782695
