Var1	Var2	Var3	Var4	Var5	Var6	Var7	Var8	Var9	Var10	Var11	Var12	Var13	Var14	Var15	Var16	Var17	Var18	Var19	Var20	Var21	Var22	Var23	Var24	Var25	Var26	Var27	Var28	Var29	Var30	Var31	Var32	Var33	Var34	Var35	Var36	Var37	Var38	Var39	Var40	Var41	Var42	Var43	Var44
624901.680604172	128614.307938825	197106.775908083	427794.904696091	0	197106.775908083	131655.448249619	368635.255098933	0	26331.0896499238	0	197107.227871681	0	0	1679.67873977898	419.919684944745	4953.60379863319	4199.19626359979	96108.3758082784	35546.9335181304	99984.9269839623	0	0	0	10332.9207154173	349057.145113959	0	10332.9207122246	77168.5847632953	51317.1088675912	128.614307938825	17452.8572503052	91950.5770040235	1539.51326602773	17581.4713775505	98818.0168595377	139671.762537757	1163.93135448131	0.451963599836642	0	0	196445.70625481	4199.19626359979	270329.617401083
646160.580242213	170327.434029696	200719.358168676	445441.222073536	0	200676.147734884	137556.468197607	385158.110953298	0	27511.2936395213	0	200640.875566564	0	0	1702.64633601652	425.66158400413	5022.50147582674	4256.90260389256	100373.023090628	37124.2688143418	104407.604379971	0	0	0	10637.9806894497	359362.398251669	0	10634.8337637482	101897.099659803	67761.571273769	169.828499433006	17962.8045863002	93311.2648430817	2032.84713821308	18126.9051197889	105062.236904054	141738.63014139	1181.15525117825	0.451963599836642	0	0	212179.644270552	4257.6011906797	282287.226656959
668151.57378183	214269.568441011	204374.983710925	463776.590070904	0	204332.209356423	143226.352869076	401033.788033412	0	28645.2705738151	0	204296.328056984	0	0	1726.33350405582	431.583376013956	5092.3574230224	4316.12554914418	104513.945747055	38655.8429475411	108702.406196603	0	0	0	10943.4568117147	369681.709323053	0	10940.3993528904	128253.241780997	85288.4057843627	213.755402968328	18478.921254223	95476.224233979	2558.65217353086	18687.0756104693	109387.543744213	145027.176051614	1208.55980043011	0.451963599836642	0	0	227775.641143134	4316.81844833263	293899.098235259
690892.966282525	260507.947784675	208077.473046765	482815.493235763	0	208034.337669991	149106.668190025	417498.670932073	0	29821.333638005	0	207997.975414074	0	0	1750.3451466549	437.586286663725	5163.1849684112	4376.15983629414	108804.9796398	40242.9376749944	113152.753874646	0	0	0	11257.3638913262	380285.827176851	0	11254.216016333	155981.552088642	103727.732138946	259.969253481069	19008.9744291546	97680.2089991199	3111.8319641684	19263.1672575593	113878.845801734	148375.001011321	1236.45834176101	0.451963599836642	0	0	243940.757869772	4376.85933493696	305931.519735154
714399.476873209	309104.57689549	211833.26842078	502566.208452429	0	211791.842933722	155209.741890906	434587.277294536	0	31041.9483781812	0	211754.651197269	0	0	1774.70291499214	443.675728748036	5234.99762556041	4437.06385922434	113258.335002069	41890.0691103541	117771.297723237	0	0	0	11580.6935577001	391208.250118384	0	11577.4527404562	185141.140911792	123118.858706343	308.56856818632	19554.9385917852	99937.2650570813	3693.56576119029	19857.5464425536	118538.098922194	151803.440593035	1265.02867160862	0.451963599836642	0	0	260568.08222354	4437.73530601549	318418.693844307
843045.154221842	240425.762738369	319997.795511214	523047.358710632	0	318784.756469839	161534.526091687	452296.673056724	0	32306.9052183375	0	317703.378853409	0	0	1690.83703702296	422.709259255739	5025.49422779212	4226.01981851194	117873.852348142	43597.1782657511	122528.855995904	0	0	0	14818.4262605521	500582.333693162	0	14785.1086477725	144717.587428797	96237.19564015	241.195979047996	24972.8414498086	138690.14592968	2887.1158692045	25158.4475903043	123369.694053502	210668.576095716	1755.5714674643	0.451963599836642	0	0	275909.813772844	4223.61855082796	331281.721766704
884752.645293259	259770.887514451	340483.355177477	544269.290115777	0	340258.234258628	168090.288504426	470652.807812393	0	33618.0577008852	0	340053.231602034	0	0	1614.28850844485	403.572127111212	4785.30311646431	4034.7593630034	122657.778589723	45366.5756427743	127462.475599572	0	0	0	15715.9892262436	530902.973422532	0	15707.7937565764	155734.97947124	103563.761348374	259.558299118734	26531.3060833255	148408.90229629	3106.91284045126	26776.8281441096	128376.075592576	225431.243994365	1878.59369995304	0.451963599836642	0	0	289643.424393156	4032.66088160197	344620.767361806
927314.213668012	279284.99475474	361065.657231494	566248.55643652	0	360836.585451697	174878.066604254	489658.586491912	0	34975.6133208508	0	360630.962823749	0	0	1535.28624296563	383.821560741409	4536.77553559548	3837.2237760015	127611.209476808	47198.6665188193	132571.006719792	0	0	0	16545.5310079693	558925.784596324	0	16537.2254504517	167440.686902142	111348.056789925	279.06781150357	27932.2606977316	156874.96299706	3340.44170369772	28197.1049940332	133561.148201052	238291.083033508	1985.75902527924	0.451963599836642	0	0	302938.591769844	3835.02416812525	358432.721872029
970701.257439248	298937.912392125	381697.47677667	589003.78066257	0	381485.538367881	181911.185244211	509351.318683791	0	36382.2370488422	0	381278.068401474	0	0	1453.47589320797	363.368973301993	4279.71543409934	3632.65143571892	132743.357159436	49096.8581274626	137863.862070966	0	0	0	17385.6636713372	587306.367112033	0	17377.2600990693	179241.617796185	119195.675834464	298.736029660308	29351.1242713471	165403.111713231	3575.87027503389	29635.4674087006	138929.306185389	251245.232982124	2093.71027485103	0.451963599836642	0	0	316490.126455525	3630.55100454589	372743.034488169
1014877.49815995	318696.451107055	402325.981597363	612551.516562591	0	402104.751913737	189181.710481722	529708.789348823	0	37836.3420963445	0	401899.160905549	0	0	1368.96227046994	342.240567617485	4013.92275506282	3421.34927277913	138049.435161095	51059.3801280764	143336.112114551	0	0	0	18233.4312005196	615944.863584303	0	18224.9444886121	191090.724798384	127075.331990925	318.48454133064	30782.9086676505	173954.369213311	3812.25995972776	31086.8567936067	144484.456550396	264234.484880978	2201.95404067482	0.451963599836642	0	0	329619.544317861	3419.0807656213	387538.377198601
1059798.41389265	338526.690565566	422894.234429594	636904.179463058	0	422690.96097594	196708.6685511	550784.27194308	0	39341.73371022	0	422484.38001266	0	0	1281.48727182072	320.37181795518	3739.19335968256	3202.61025038008	143541.942071412	53090.8552866867	149000.63239734	0	0	0	19089.1185962891	644850.901644931	0	19080.5575099458	202998.426483112	134993.953611268	338.330710805187	32228.084948271	182531.113194966	4049.81860833806	32551.7600236526	150229.529979261	277262.450422734	2310.52042018945	0.451963599836642	0	0	342989.329425445	3200.44954555296	402853.561666881
1105411.72750696	358394.774945797	443341.681258653	662070.046248296	0	443135.587522766	204480.641811279	572545.797071581	0	40896.1283622558	0	442930.132681689	0	0	1191.16521433106	297.791303582764	3455.31894982095	2976.76758431641	149213.616606412	55188.5979229197	154849.93286586	0	0	0	19949.4403580494	673913.493559665	0	19940.8277126379	214916.71242905	142919.613765317	358.194520715082	33681.1274579764	191091.10182797	4287.58841295956	34024.5750686741	156166.480364918	290264.96480198	2418.87470668316	0.451963599836642	0	0	356565.823335757	2974.49009571031	418668.337007694
1151666.3399189	378271.660833423	463608.946116268	688057.393802632	0	463407.015358883	212508.372094431	595023.441864406	0	42501.6744188862	0	463203.443177234	0	0	1097.81615841871	274.454039604678	3162.0869891576	2743.35779873544	155072.010624977	57355.4011900602	160891.785886585	0	0	0	20813.7860024834	703112.016547232	0	20805.1360404281	226844.171745457	150851.374210729	378.073619575765	35140.9905775419	199625.716199148	4525.54122632189	35504.2543974879	162297.260975455	303228.935998706	2526.90779998921	0.451963599836642	0	0	369681.575866725	2741.03176122462	435003.717397063
1198512.9322994	398128.981996249	483634.294846859	714878.637452543	0	483429.777242752	220791.316218815	618215.685412682	0	44158.263243763	0	483228.621669658	0	0	1001.43404669512	250.35851167378	2859.28062291063	2502.36307541449	161116.661629877	59591.0940274887	167125.710874132	0	0	0	21679.9638030109	732372.431732853	0	21671.2931556045	238755.708268159	158772.545998326	397.926180446932	36603.9763981556	208106.046314928	4763.17637994975	36987.0573917501	168624.80140058	316110.450098625	2634.25375082188	0.451963599836642	0	0	382985.910250067	2499.90041643284	451858.403474504
1245884.04521531	417936.222724219	503348.198796183	742535.846419124	0	503147.43023931	229334.360461623	642136.209292545	0	45866.8720923247	0	502949.461492743	0	0	901.886217719591	225.471554429898	2546.67859610368	2253.45315748495	167351.219773226	61897.0264914671	173555.452263025	0	0	0	22546.533095069	761646.071922299	0	22537.861293808	250640.695204479	166676.06231098	417.734492007468	38067.6564587057	216513.673535188	5000.28186932935	38470.544618851	175149.590347844	328881.529420539	2740.67941183783	0.451963599836642	0	0	396471.075427254	2250.91839915101	469242.519081511
1286180.52616965	431062.577957128	515137.020919722	771043.505249925	0	515025.668605586	238145.277099691	666806.775879135	0	47629.0554199383	0	514907.557633908	0	0	880.927145902981	220.231786475745	2481.78631656156	2202.06863774799	173781.279241291	64275.267664587	180208.653088506	0	0	0	23202.6934898904	783811.873873287	0	23196.1949445986	258563.155116686	171944.498152597	430.938591861144	39179.6173021415	222202.384668194	5158.33494457788	39599.448009681	181875.0460364	337522.609622573	2812.68841352144	0.451963599836642	0	0	408446.271814797	2201.60282331507	487230.802794851
1325918.50462377	443408.920124143	525514.821457743	800403.683166035	0	525420.9757665	247217.423285457	692208.785199278	0	49443.4846570913	0	525317.49358138	0	0	860.408904246666	215.102226061666	2414.37426594906	2150.76523927436	180402.240550122	66724.1163678534	187059.891695491	0	0	0	23821.715595616	804723.104583171	0	23815.5298488346	265978.363832957	176875.611948915	443.297273054927	40225.7071710955	227317.27807479	5306.26835846749	40658.4334333109	188801.656314636	345292.067961707	2877.43389968089	0.451963599836642	0	0	418672.728071063	2150.30132356425	505754.521991513
1364927.51415444	454928.366085083	534315.272429153	830612.241725296	0	534231.374556575	256544.979436723	718325.942422825	0	51308.9958873447	0	534143.901799722	0	0	839.096149364264	209.774037341066	2344.38145189696	2097.47497433859	187209.667486014	69241.9318098956	194104.022600696	0	0	0	24404.2546795354	824401.899683845	0	24398.4321305216	272891.054957293	181472.551546599	454.818424928821	41210.2603866374	231891.268790163	5444.176546398	41655.1259527455	195928.444079873	352239.901959742	2935.33251633118	0.451963599836642	0	0	428723.08889994	2096.96541818563	524799.76480929
1403026.46820218	465579.208709404	541357.287274481	861669.180927696	0	541283.004870415	266130.673567003	745165.885987609	0	53226.1347134006	0	541212.690595169	0	0	816.963883483028	204.240970870757	2271.74561921344	2042.13021133317	194204.888427109	71829.2053086566	201342.415036432	0	0	0	24945.3559926696	842680.882440211	0	24939.9431007917	279280.115240331	185721.276634821	465.466858733885	42124.9014573287	235861.498565957	5571.63829904459	42581.1221585665	203255.409800747	358270.630733099	2985.58858944249	0.451963599836642	0	0	437832.641097595	2041.54561784788	544370.233246649
1440009.80161751	475329.718431633	546443.577728585	893566.223888927	0	546397.880154175	275995.754512277	772788.112634373	0	55199.1509024553	0	546347.661176648	0	0	793.91775649098	198.479439122745	2196.40322572276	1984.51056011732	201405.181496441	74492.3274027932	208792.936675255	0	0	0	25440.8156382567	859418.040710456	0	25435.8763124161	285145.119404335	189621.504403881	475.241865673893	42962.5592492757	239175.670576821	5688.64513211645	43429.3601246153	210780.598959477	363304.816066057	3027.54013388381	0.451963599836642	0	0	446626.304259125	1983.9914062809	564514.23619606
1475666.49928718	484161.681046974	549361.059457112	926305.439830064	0	549329.967971838	286095.693879514	801067.942862639	0	57219.1387759028	0	549301.113477526	0	0	770.075572361445	192.518893090361	2118.28941766301	1924.88786935549	208775.569129325	77218.3611848189	216419.396313777	0	0	0	25881.8070568249	874315.203848027	0	25877.3975062038	290440.535506264	193142.956111665	484.067559177106	43708.3122249126	241721.605026807	5794.28868334995	44184.8453963272	218504.501825728	367172.058268567	3059.76715223806	0.451963599836642	0	0	455108.107916113	1924.25122060288	585133.923366879
1509753.99852562	492072.188058268	549873.377437757	959880.62108785	0	549868.613779541	296486.565875029	830162.384450081	0	59297.3131750058	0	549864.366012188	0	0	745.242517710701	186.310629427675	2037.33800463571	1862.78917605691	216358.496724269	80023.0056377432	224265.698404606	0	0	0	26264.3986057345	887239.556747383	0	26260.5914567002	295203.6092779	196310.400169803	492.006015463171	44355.5473584681	243450.250553612	5889.3120050941	44841.0425517294	226425.651573899	369797.848942196	3081.64874118497	0.451963599836642	0	0	462831.442156284	1862.2724312881	606347.999390232
1542001.74264067	499079.112450097	547718.251862675	994283.490777991	0	547733.988139503	307121.301091391	859939.643055894	0	61424.2602182781	0	547756.408789191	0	0	719.521705035737	179.880426258934	1953.4814340986	1798.4841444185	224120.916709757	82894.0376871705	232297.645799596	0	0	0	26578.9206496336	897864.448754443	0	26575.7893489014	299415.779118034	199111.493113492	499.026298530056	44887.93350285	244239.813655171	5973.3447934048	45381.6020536177	234542.09438916	370997.185298994	3091.64321082495	0.451963599836642	0	0	470614.292651103	1798.00132176926	628064.005310019
1572089.53773236	505221.771613467	542596.181042712	1029493.35668964	0	542632.524475264	317999.880942358	890399.666638603	0	63599.9761884717	0	542686.721440997	0	0	692.888323987004	173.222080996751	1866.65076539433	1731.87280382385	232058.733041046	85829.9423576472	240510.990819187	0	0	0	26816.829834528	905901.27620747	0	26814.4622448859	303105.714650658	201565.300242688	505.176191084428	45291.0648244913	243984.108883681	6046.95900728062	45792.1831043189	242848.943352218	370608.77298787	3088.40644156559	0.451963599836642	0	0	477634.114324693	1731.38306766782	650270.456659282
1599679.86829953	510580.132962701	534175.85713993	1065504.0111596	0	534234.642982834	329128.23109085	921559.047054379	0	65825.6462181699	0	534315.8189734	0	0	665.265044674671	166.316261168668	1776.77564330626	1662.84358289994	240184.710787673	88835.4409762627	248918.930311378	0	0	0	26968.9934577347	911041.52661387	0	26967.4904813261	306325.634385342	203706.546866252	510.542723975571	45549.537722933	242568.162621032	6111.1964059876	46057.4880591536	251344.602505266	368457.968538277	3070.48307115231	0.451963599836642	0	0	483755.571329292	1662.36171564592	673003.033804837
