WasteGenerated	CollectedPlastic	FormalCollection	InformalCollectSorting	MixedCollection	FormalSorting	ExportedWaste	ImportedWaste	CLMechanicalRecyling	OLMechanicalRecyling	ChemicalConversion	UnsortedWaste	UnsortedManagedWaste	EngineeredLandfills	ThermalEnergyRecovery	FuelsFractionChemConversion	UncollectedWaste	MismanagedWaste	OpenBurning	TerrestrialDumping	DirectToWater	UnsanitaryDumpsites	OceanLeakage	RecycledPlasticPolymers	RecycledMonomers	VirginPlasticInput	ExternalSource
0	0	1323.59239312846	3536.31983395765	1323.59542811079	13.9445708607774	2068.09118879986	27.8891444368053	884.07901188226	2486.57689213115	0	2413.27724823905	69.3847837005293	3454.31147779901	0	0	863.658384401233	2343.89241724459	213398.441401058	23133.4650594264	289.926298691675	88586.4792819303	47315.9231281465	362017.791416276	0	0	0
0	0	1347.56648476042	3694.85309926315	1347.32885601713	14.1502559324032	3472.88740452191	28.3025707914762	923.314845298159	2596.6000985804	0	2484.54431680378	71.4126706626636	10491.2354423773	0	0	1140.47818669802	2412.39661398737	367856.812866534	41144.9863656991	348.124001128846	149959.457904232	82730.9115691202	613446.653375957	0	0	0
0	0	1372.11897249704	3847.15460953276	1371.87716922176	14.3625654175025	4898.75708402762	28.7272473340657	961.407739189969	2703.43002723437	0	2555.89989596322	73.4648341626152	17736.3437620709	0	0	1435.47434470075	2481.72089821723	541449.058585483	64331.7273798047	410.557620670282	212556.478757654	124849.952863994	875733.369759186	0	0	0
0	0	1396.97317305909	4005.07235168815	1396.72875134236	14.5779650239647	6346.01121947241	29.1580727259557	1000.87325285929	2814.10576253163	0	2629.20754416927	75.5719160195389	25189.1804363746	0	0	1745.7338229919	2552.90038345239	735421.234511747	92965.3801811039	476.138007826522	276598.812040244	174011.107644767	1148779.8267862	0	0	0
0	0	1422.1876573215	4168.91086658685	1421.94016312413	14.796628752157	7814.97287566938	29.5954105950226	1041.81880057755	2928.92819078343	0	2704.69038579112	77.7415188286519	32855.8906898892	0	0	2071.85662097259	2626.19189351404	950763.702899393	127327.756807635	544.995834440906	342119.600468063	230569.911602135	1432994.10054355	0	0	0
0	0	1447.79379060925	4338.8928230602	1447.54061325921	15.0186759172993	9305.97890200774	30.039577397473	1084.29655828419	3048.04352894699	0	2782.44164825072	79.9763228622818	40742.8969430495	0	0	2414.43285417228	2701.68597087632	1188504.49821797	167710.717799	617.247203405328	409154.701943852	294894.734316457	1728795.982794	0	0	0
0	0	1473.80797107202	4514.97367108142	1473.55108015123	15.2439940366331	10819.3544931993	30.4902419022969	1128.30204052607	3171.43910946216	0	2862.47732422765	82.2768070363127	48856.6773977078	0	0	2773.5242107725	2779.39879383149	1449680.38379998	214408.870020226	692.918073557544	477739.697759496	367357.479257332	2036606.9455914	0	0	0
0	0	1500.3106839636	4697.58417790125	1500.04797589484	15.4730564380142	12355.4692278692	30.9484198009495	1173.9369887932	3299.40018406873	0	2944.99556332691	84.6485869061788	57204.2482634567	0	0	3150.25892346373	2859.52006186551	1735399.044934	267735.357216659	772.23192938892	547916.105237674	448353.569485605	2356873.46586614	0	0	0
0	0	1527.1914653936	4886.12443616476	1526.9242868214	15.7047737764481	13914.5896528825	31.4118869958651	1221.05620613555	3431.51934071856	0	3029.71608290637	87.0837290280777	65791.8830766807	0	0	3543.15353139647	2941.78177473712	2046669.24276735	327978.39539487	854.888390431598	619715.151109891	538246.966414609	2690003.82983707	0	0	0
0	0	1554.62237334506	5081.52177355303	1554.35125711125	15.9404116631814	15497.103348406	31.8831811361641	1269.8906257626	3568.44419955464	0	3117.09103012634	89.5951627328242	74627.0639979467	0	0	3954.61265114577	3026.62069910957	2384662.02941853	395468.474248039	941.388489983795	693181.958251287	637454.895625539	3036468.25038419	0	0	0
0	0	1582.61973622652	5283.73340219502	1582.34155340229	16.1797568270875	17103.3771705775	32.3619300282914	1320.42439111981	3710.13018687379	0	3207.11069071725	92.182555067462	83717.2903984411	0	0	4384.657319308	3114.02558747485	2750545.9148014	470535.626468407	1031.72483083029	768360.987272691	746394.544661924	3396734.43467259	0	0	0
0	0	1611.16519775877	5492.3908435968	1610.88069612437	16.4222553978478	18733.7265614069	32.8469693147022	1372.57137369418	3856.33570906262	0	3299.66061037342	94.8427349831841	93069.752786109	0	0	4832.51023494827	3203.88931840294	3145443.53156534	553498.173451177	1125.74902349311	845292.253039919	865468.292572023	3771249.09555489	0	0	0
0	0	1640.40252476453	5708.06720571561	1640.11073444396	16.668682016722	20388.5399448057	33.3398704532584	1426.47231894574	4007.45546783572	0	3395.05138223762	97.5845493390001	102692.47602859	0	0	5299.93799743524	3296.51074828051	3570591.164633	644703.972277117	1223.82383591763	924025.650411033	995115.769029324	4160495.72308905	0	0	0
0	0	1670.33050981793	5930.56323276016	1670.03203576524	16.9186702246373	22068.1716545596	33.8398785038784	1482.07956890619	4163.35573005709	0	3493.22641991197	100.40639175945	112593.362752196	0	0	5786.6209038167	3391.83561202151	4027205.13319605	744495.862023721	1325.88738173663	1004608.96885936	1135770.63479014	4564944.79276605	0	0	0
0	0	1701.06698839936	6160.14091216121	1700.7611924255	17.1726090592226	23773.0132216805	34.3477820319539	1539.45743500181	4324.21687419117	0	3594.38060283977	103.313863663004	122780.846411571	0	0	6293.6168673893	3490.05313155006	4516574.88598907	853235.810894442	1432.15784857199	1087096.0856216	1287890.70327363	4985086.87729836	0	0	0
0	0	1732.60451962641	6396.57861399566	1732.28956164189	17.4300708572779	25503.4155401011	34.8627617700783	1598.54792841962	4489.87619868388	0	3698.43507145446	106.304704247163	133263.159589085	0	0	6820.46345461477	3591.08693453279	5039955.81853951	971276.891187448	1542.53380761402	1171538.01781121	1451922.82212175	5421393.69504567	0	0	0
0	0	1765.12004225202	6640.47561422349	1764.79983000951	17.6919531414124	27259.8153731158	35.3864911863689	1659.51042724105	4660.78066201745	0	3805.76602070769	109.389710431326	144049.564575361	0	0	7369.01437803025	3695.30175248802	5598743.01650889	1099008.46755853	1657.42502087625	1257997.94768729	1628359.73627088	5874383.26842222	0	0	0
0	0	1798.5698100166	6890.92865116012	1798.23655110758	17.9570507491894	29042.5344076093	35.9167773308384	1722.10168266909	4836.24822819065	0	3916.02194902924	112.559921924125	155148.39121701	0	0	7937.11023455256	3802.35694441094	6194176.84203844	1236778.76539732	1776.34382594038	1346527.62229746	1817642.94049565	6344510.39646163	0	0	0
0	0	1833.17051732204	7148.70287429635	1832.82875595251	18.2265394968646	30852.0072632801	36.4557597601275	1786.53149331639	5016.8672610844	0	4029.68828709402	116.2496185161	166568.849095006	0	0	8527.08204176516	3912.72359773452	6827672.77883861	1384981.01075701	1899.82143331313	1437195.11627156	2020270.52415315	6832284.26796868	0	0	0
0	0	1868.98487475771	7413.42211962354	1868.63013301886	18.5000116423833	32688.6289929674	37.002745876506	1852.69270943097	5202.33740314173	0	4146.6864207373	122.060783174143	178318.79832943	0	0	9138.22112206827	4026.32516604447	7500595.38680378	1543993.99807136	2027.68251728635	1530066.67226783	2236723.31790018	7338188.2693135	0	0	0
0	0	1906.09791479301	7685.07331768654	1905.73066766581	18.7775138588047	34552.8006342992	37.5577868172477	1920.58889359615	5392.66869104844	0	4267.11232811702	132.091418182519	190405.860392681	0	0	9770.63680785676	4143.25511817198	8214324.52856878	1714199.52288578	2159.96958481931	1625211.97731718	2467486.11711726	7862703.45606463	0	0	0
0	0	1944.6302419997	7963.65607544657	1944.24909126256	19.0591682543744	36444.934150835	38.1211357773791	1990.21768031962	5587.85458618425	0	4391.08068368193	157.936578178096	202828.487124548	0	0	10424.5837309631	4263.62483781329	8970261.99584512	1895984.05833152	2296.73365981868	1722704.83758102	2713050.0834698	8406312.51847828	0	0	0
0	6.45153224586696e-17	1984.71286897771	8249.16734155115	1984.31449482631	19.3451094549563	38365.4546718806	38.6930794866903	2061.57576554	5787.88593898267	0	4518.71708548832	201.024607151908	215595.654074661	0	0	11100.3243628902	4387.55613154265	9769832.48421888	2089738.66976703	2438.02728593461	1822623.99691372	2973912.71890272	8969497.83925672	0	0	0
0	5.84634703535349e-11	2026.50378102472	8541.46722329428	2026.09190095819	19.6354763422933	40314.802513443	39.2738173433801	2134.63894497278	5992.69510814675	0	4650.15730483388	262.413888076197	228717.09636757	0	0	11797.811888655	4515.18104440896	10614480.6489207	2295857.77571004	2583.87277968704	1925053.90776001	3250576.4578349	9552738.80590012	0	0	0
0	1.16432709561496e-10	2070.07985977587	8840.25790495942	2069.65329853879	19.9300159945953	42293.3911389769	39.8628894539733	2209.32580094128	6202.0538964935	0	4785.37189167819	343.233009422292	242202.398825267	0	0	12516.3552993336	4646.47046766837	11505599.3931825	2514720.24291032	2734.11217047629	2030079.07926294	3543524.7814791	10156487.9879216	0	0	0
