WasteGenerated	CollectedPlastic	FormalCollection	InformalCollectSorting	MixedCollection	FormalSorting	ExportedWaste	ImportedWaste	CLMechanicalRecyling	OLMechanicalRecyling	ChemicalConversion	UnsortedWaste	UnsortedManagedWaste	EngineeredLandfills	ThermalEnergyRecovery	FuelsFractionChemConversion	UncollectedWaste	MismanagedWaste	OpenBurning	TerrestrialDumping	DirectToWater	UnsanitaryDumpsites	OceanLeakage	RecycledPlasticPolymers	RecycledMonomers	VirginPlasticInput	ExternalSource
0	0	1329.6394755723	134.403660175974	1329.63947557415	0	0	0	0	127.682756658822	0	1370.8339612564	39.4132171180254	1962.76751131667	0	0	3753.41563111193	1331.42074984158	433857.522513672	205028.187006019	70.3244398519645	60886.3537896445	32954.9811468698	13524.5976451969	0	0	0
0	0	1358.24548550745	142.791302231043	1357.95789715087	0	0	0	0	135.571173119596	0	1401.38598510672	40.2825546047211	5946.36724156073	0	0	4162.70823710747	1360.78790261512	739612.589768312	350250.63905443	72.1826639926843	103057.663303243	56124.5864535911	23128.57037718	0	0	0
0	0	1387.64215309662	148.705749786284	1387.34673737168	0	0	0	0	141.213576587949	0	1432.5969855461	41.1799890146799	10020.1063550337	0	0	4599.07699152693	1391.10419959395	1072176.77003823	511076.483578673	74.1347596693537	146033.746873608	80910.9236189216	33233.615721716	0	0	0
0	0	1417.63046526838	154.811874821614	1417.33325466757	0	0	0	0	147.012240895652	0	1464.44962086351	42.0956484547908	14184.6137986815	0	0	5060.30942090755	1422.03615763993	1433110.90427717	688409.889926137	76.1420502642954	189865.761373368	107400.328060423	43754.245086446	0	0	0
0	0	1448.12296046445	161.146282165699	1447.81658560422	0	0	0	0	153.027732606732	0	1496.86672674857	43.0274845836198	18441.4552917708	0	0	5545.12331161029	1453.51458158233	1823818.43980217	883099.380000298	78.2002350446998	234563.894366751	135672.370739613	54706.1404315005	0	0	0
0	0	2185.48152471406	167.714659301128	2178.02414617175	0	0	0	0	159.26544341859	0	2221.94221031271	63.6687807458053	23736.8293687066	0	0	5237.78384389325	2150.79970630741	2239693.52246011	1081189.02740473	112.418012169511	291354.810301445	166951.815542082	66105.3033191232	0	0	0
0	0	2338.88007935759	174.520945942142	2337.40739732291	0	0	0	0	165.729138162179	0	2389.39381133582	68.6553518267605	30387.8335072867	0	0	5523.7669541578	2319.25142614196	2680188.60272744	1278617.00764567	121.411165969145	363994.988602216	201771.953383125	77968.1303665169	0	0	0
0	0	2486.80879602788	181.570122414805	2485.331214663	0	0	0	0	172.423529960875	0	2539.46331624986	72.9696356372662	37470.1078606975	0	0	5824.04459797257	2464.99256086871	3146357.3212879	1486926.02643136	128.997813176554	441499.650242597	238692.173230889	90311.2713027383	0	0	0
0	0	2635.93897152345	188.86838385899	2634.436373279	0	0	0	0	179.354474234695	0	2690.79295114787	77.3202354876403	44985.925496655	0	0	6132.35608372101	2611.9604903757	3638713.2393803	1706412.53772953	136.653787878599	523886.679158866	277742.874839779	103151.786235186	0	0	0
0	0	2337.75427283499	196.42066741476	2340.79920532814	0	0	0	0	186.52671222053	0	2403.98703529143	69.2040699736423	52338.2307508046	0	0	5411.43335769701	2337.78771371233	4115408.50977575	1918516.779618	122.454051317322	604057.301583409	315697.495081135	116507.112111063	0	0	0
0	0	2458.80970109717	204.231406636976	2457.54400720216	0	0	0	0	193.94443433349	0	2518.84112892557	72.3831008954573	59395.0370480632	0	0	5671.57911676929	2445.17878815869	4571499.07330946	2121778.24354986	127.865699348428	680434.807440675	352032.81363447	130395.040023471	0	0	0
0	0	2583.97028717149	212.302805365918	2582.71858102491	0	0	0	0	201.609784292126	0	2646.49034401625	76.0532072051646	66817.8225768041	0	0	5947.80480337656	2569.1589159477	5050549.50296882	2335066.82508031	134.340915834795	760864.017405806	390212.982879872	144833.564968522	0	0	0
0	0	2708.95473296392	220.638168640548	2707.69970803671	0	0	0	0	209.52585464409	0	2774.02972217105	79.7202629622718	74608.0025059802	0	0	6230.80466617049	2693.03599279778	5552983.94310619	2558634.98710227	140.817914215752	845352.016011051	430264.6703766	159840.899424147	0	0	0
0	0	2832.78008842742	229.240836499193	2831.53127031541	0	0	0	0	217.695825840503	0	2900.50600871178	83.356859241877	82763.1479201763	0	0	6519.15955684238	2815.88411582625	6079065.42577709	2792682.00458946	147.249026696762	933860.146217054	472198.557993334	175435.43708892	0	0	0
0	0	2955.31259323164	238.111841164397	2954.08198951767	0	0	0	0	226.120737423368	0	3025.78781133866	86.9592412947983	91280.4265280877	0	0	6813.37176663397	2937.57644557831	6629080.80346838	3037426.58898253	153.628428101187	1026344.84917289	516025.950064857	191635.784950171	0	0	0
0	0	3006.51674447418	247.255574389085	3006.0092923284	0	0	0	0	234.804668474073	0	3081.23542763023	88.5741194302995	100062.34279295	0	0	7015.05637157873	2992.12876115391	7198553.17090592	3291288.21755077	156.593549276783	1121638.46189251	561349.116170603	208460.673475521	0	0	0
0	0	3046.50040420361	256.673147877219	3046.10296392997	0	0	0	0	243.748770529627	0	3124.32139793105	89.8158840482315	108983.911645414	0	0	7209.70990235767	3034.07690189519	7782036.35940934	3552417.34407234	158.890873664136	1218246.77244004	607667.182379354	225929.094227775	0	0	0
0	0	3074.6749196144	266.362763178842	3074.39409686762	0	0	0	0	252.951323810719	0	3155.69812511862	90.721392735696	118012.815171114	0	0	7396.45542482348	3064.66595662883	8378447.63873594	3820542.28744196	160.612799510509	1315775.93940442	654869.171956777	244059.974717448	0	0	0
0	0	3090.05442236609	276.32465404213	3089.90124330245	0	0	0	0	262.412526824409	0	3174.38524661918	91.2623285745964	127114.12166369	0	0	7574.62833162711	3082.93934948809	8986613.8507859	4095366.80893883	161.71090393707	1413801.11049262	702835.117414233	262872.192024159	0	0	0
0	0	3091.51426657062	286.556076622487	3091.49787990051	0	0	0	0	272.12985640408	0	3179.2569522091	91.4063230305819	136249.740525939	0	0	7742.9529831806	3087.8036366633	9605230.48454011	4376551.48127629	162.129302959015	1511859.96456134	751432.811991418	282384.552366061	0	0	0
0	0	3077.92786738935	297.057649425671	3078.06391822008	0	0	0	0	282.103750291768	0	3169.1895877101	91.121221684626	145378.39838354	0	0	7900.38640655339	3078.17260739014	10232860.7896375	4663713.40934738	161.812522646096	1609452.44646546	800517.714897492	302615.747926318	0	0	0
0	0	3048.04637508354	307.827799994064	3048.34830482255	0	0	0	0	292.332851382756	0	3142.93465273395	90.3711033712288	154455.318443851	0	0	8046.21333790024	3052.83280616806	10867965.7974651	4956448.44291914	160.699314441545	1706036.89067477	849934.093664716	323584.493643931	0	0	0
0	0	3000.61853399772	318.863560585532	3001.10850894236	0	0	0	0	302.814295624129	0	3099.25263138884	89.1201535672643	163432.207290987	0	0	8178.8858536578	3010.57437999034	11508844.8832667	5254294.85340483	158.727673247251	1801029.98007454	899511.735992706	345309.309786804	0	0	0
0	0	2934.29991416561	330.158399613703	2934.94510076675	0	0	0	0	313.54202617193	0	3036.73888980803	87.3281655861459	172256.872303755	0	0	8297.19767301574	2950.03910385738	12153658.0902988	5556751.44790208	155.828546284319	1893802.25439904	949066.570136927	367808.428662691	0	0	0
0	0	2847.93020753625	341.709289001917	2848.7937858512	0	0	0	0	324.513510236954	0	2954.32856622827	84.96456475706	180874.040299067	0	0	8399.7020674354	2870.19413259396	12800406.5748874	5863255.9129648	151.948720213331	1983687.87984632	998400.874738922	391099.692964694	0	0	0
