Var1	Var2	Var3	Var4	Var5	Var6	Var7	Var8	Var9	Var10	Var11	Var12	Var13	Var14	Var15	Var16	Var17	Var18	Var19	Var20	Var21	Var22	Var23	Var24	Var25	Var26	Var27	Var28	Var29	Var30	Var31	Var32	Var33	Var34	Var35	Var36	Var37	Var38	Var39	Var40	Var41	Var42	Var43	Var44
624901.680604172	128614.307938825	197106.775908083	427794.904696091	0	197106.775908083	131655.448249619	368635.255098933	0	26331.0896499238	0	197107.227871681	0	0	1679.67873977898	419.919684944745	4953.60379863319	4199.19626359979	96108.3758082784	35546.9335181304	99984.9269839623	0	0	0	10332.9207154173	349057.145113959	0	10332.9207122246	77168.5847632953	51317.1088675912	128.614307938825	17452.8572503052	91950.5770040235	1539.51326602773	17581.4713775505	98818.0168595377	139671.762537757	1163.93135448131	0.451963599836642	0	0	196445.70625481	4199.19626359979	270329.617401083
646160.580242213	170327.434029696	200719.358168676	445441.222073536	0	200676.147734884	137556.468197607	385158.110953298	0	27511.2936395213	0	200640.875566564	0	0	1702.64633601652	425.66158400413	5022.50147582674	4256.90260389256	100373.023090628	37124.2688143418	104407.604379971	0	0	0	10637.9806894497	359362.398251669	0	10634.8337637482	101897.099659803	67761.571273769	169.828499433006	17962.8045863002	93311.2648430817	2032.84713821308	18126.9051197889	105062.236904054	141738.63014139	1181.15525117825	0.451963599836642	0	0	212179.644270552	4257.6011906797	282287.226656959
668151.57378183	214269.568441011	204374.983710925	463776.590070904	0	204332.209356423	143226.352869076	401033.788033412	0	28645.2705738151	0	204296.328056984	0	0	1726.33350405582	431.583376013956	5092.3574230224	4316.12554914418	104513.945747055	38655.8429475411	108702.406196603	0	0	0	10943.4568117147	369681.709323053	0	10940.3993528904	128253.241780997	85288.4057843627	213.755402968328	18478.921254223	95476.224233979	2558.65217353086	18687.0756104693	109387.543744213	145027.176051614	1208.55980043011	0.451963599836642	0	0	227775.641143134	4316.81844833263	293899.098235259
690892.966282525	260507.947784675	208077.473046765	482815.493235763	0	208034.337669991	149106.668190025	417498.670932073	0	29821.333638005	0	207997.975414074	0	0	1750.3451466549	437.586286663725	5163.1849684112	4376.15983629414	108804.9796398	40242.9376749944	113152.753874646	0	0	0	11257.3638913262	380285.827176851	0	11254.216016333	155981.552088642	103727.732138946	259.969253481069	19008.9744291546	97680.2089991199	3111.8319641684	19263.1672575593	113878.845801734	148375.001011321	1236.45834176101	0.451963599836642	0	0	243940.757869772	4376.85933493696	305931.519735154
714399.476873209	309104.57689549	211833.26842078	502566.208452429	0	211791.842933722	155209.741890906	434587.277294536	0	31041.9483781812	0	211754.651197269	0	0	1774.70291499164	443.675728747911	5234.99762556041	4437.06385922434	113258.335002069	41890.0691103541	117771.297723237	0	0	0	11580.6935577001	391208.250118384	0	11577.4527404562	185141.140911792	123118.858706343	308.56856818632	19554.9385917852	99937.2650570813	3693.56576119029	19857.5464425536	118538.098922194	151803.440593035	1265.02867160862	0.451963599836642	0	0	260568.08222354	4437.73530601549	318418.693844308
866960.177061432	224748.796674175	343912.818350793	523047.358710632	0	342431.177164964	161534.510483164	452296.62935286	0	32306.9020966329	0	341110.645328782	0	0	1690.8374821345	422.709370533624	5025.49422779212	4226.02046848463	117873.841998578	43597.1744378303	122528.845285068	0	0	0	30136.1893140082	508432.834691745	0	29869.8054897547	135417.049464832	90052.3378941136	225.695082441388	25365.0646848756	141633.781308858	2701.57013682339	25534.6171593353	123369.694053502	215139.92097548	1792.83267479567	0.451963599836642	0	0	276984.8825939	4223.61855082796	331281.692807777
947086.161670349	222743.921623773	402816.871554567	544269.290115777	0	402155.656082244	168089.031005638	470649.286815787	0	33617.8062011277	0	401567.396522476	0	0	1614.3035318749	403.575882968724	4785.30311646431	4034.80443809059	122656.99605458	45366.2862119679	127461.669436712	0	0	0	50457.7523319678	557290.11599143	0	50245.8823196289	133659.8561646	88883.8043494595	222.766426941	27841.6417686392	158242.97161457	2666.51413048378	28041.5537681256	128376.075592576	240369.070806941	2003.07559005784	0.451963599836642	0	0	293993.335125799	4032.66088160197	344618.587736297
1033219.1356073	218072.945523108	466970.579170778	566248.55643652	0	466288.420468286	174880.805089127	489666.254249556	0	34976.1610178254	0	465643.641414843	0	0	1535.25049163055	383.812622907638	4536.77553559548	3837.12567728255	127613.025895319	47199.3383448439	132572.87823246	0	0	0	74908.2746866676	605143.222142358	0	74653.2681799414	130873.567745808	87030.9225509631	218.122612909682	30233.6870201862	174147.167547082	2610.92767652889	30428.3712644966	133561.148201052	264527.343109491	2204.39452591243	0.451963599836642	0	0	311948.255495205	3835.02416812525	358437.781887762
1125657.20813266	210524.168447808	536653.427470085	589003.78066257	0	535950.9732734	181912.280007171	509354.384020078	0	36382.4560014342	0	535249.443354169	0	0	1453.46000280909	363.365000702273	4279.71543409934	3632.61224393795	132744.172080971	49097.1595367975	137864.701675313	0	0	0	104080.502841721	654093.821828158	0	103777.420001532	126360.159392928	84029.5059962972	210.600265654881	32680.7088711817	190391.64413499	2520.88517988892	32867.3922779161	138929.306185389	289202.497420238	2410.02081183532	0.451963599836642	0	0	330698.204849631	3630.55100454589	372745.30452955
1213571.01557133	192372.059152432	601019.499008748	612551.516562584	0	600363.145028164	189184.843695499	529717.562347398	0	37836.9687390999	0	599714.761818693	0	0	1368.9246354882	342.23115887205	4013.92275506282	3421.23717084808	138051.314120557	51060.0750856855	143338.048265026	0	0	0	136709.195137873	694850.279074974	0	136372.557885388	115534.295951486	76830.3068077385	192.557159919144	34722.7187714357	203522.644042219	2304.90920423215	34895.6525279937	144484.456550396	309148.32006413	2576.23600053441	0.451963599836642	0	0	347215.151009753	3419.0807656213	387543.611975811
1318340.20848143	178379.786989184	681436.029018375	636904.179463056	0	680635.583050083	196708.235344771	550783.05896536	0	39341.6470689543	0	679826.477272007	0	0	1281.49338732819	320.373346832046	3739.19335968256	3202.62574587677	143541.619576818	53090.736007864	149000.300178679	0	0	0	176341.49359142	744341.785742333	0	175931.626001745	107111.437533912	71229.1059600513	178.519062556522	37192.7805533893	219791.153711379	2136.87317880154	37347.1174895966	150229.529979261	333859.980321082	2782.16650267568	0.451963599836642	0	0	364429.524171858	3200.44954555296	402852.663446058
1430237.43038615	160866.00751584	768167.384137849	662070.046248296	0	767311.62028173	204481.98294504	572549.552246112	0	40896.396589008	0	766438.695747937	0	0	1191.14600324164	297.786500810409	3455.31894982095	2976.71960002115	149214.596301506	55188.9602758997	154850.942269525	0	0	0	222315.019672162	794395.248104952	0	221841.171668893	96623.2878390463	64254.4864129658	161.038813065076	39695.3406203214	236227.77161137	1927.63459238897	39832.1213405245	156166.480364918	358826.994852713	2990.22495710595	0.451963599836642	0	0	384675.116331443	2974.49009571031	418671.066136123
1549578.35661578	139596.682602569	861520.96281316	688057.393802632	0	860630.455663143	212511.139078725	595031.18942043	0	42502.2278157451	0	859692.032523629	0	0	1097.77567858031	274.443919645077	3162.0869891576	2743.25873869073	155074.075695526	57356.1649832767	160893.913561668	0	0	0	275206.439007276	844480.318251114	0	274662.421524454	83879.743422289	55780.0293758219	139.799572370482	42199.6364602317	252600.853548734	1673.40088127467	42315.2569032214	162297.260975455	383697.499061369	3197.47915884474	0.451963599836642	0	0	405037.20316137	2741.03176122462	435009.470000064
1676694.41854703	114329.99587512	961815.78109447	714878.637452545	0	960805.588878343	220792.263175272	618218.336890762	0	44158.4526350545	0	959796.17599584	0	0	1001.42048971456	250.35512242864	2859.28062291063	2502.3291461693	161117.346292751	59591.3472589626	167126.41632406	0	0	0	335639.008525373	894179.500459665	0	335018.263354668	68750.6926135922	45719.2105880386	114.58448768932	44684.8058653748	268752.671466409	1371.57631764116	44775.4599560533	168624.80140058	408231.906024925	3401.93255020771	0.451963599836642	0	0	426280.84793536	2499.90041643284	451860.310802089
1811906.77310705	84817.0671343222	1069370.92668793	742535.846419124	0	1068318.60833483	229337.164074205	642144.059407774	0	45867.432814841	0	1067236.90630176	0	0	901.845626274255	225.461406568564	2546.67859610368	2253.35443645012	167353.265813752	61897.7832461821	173557.560431073	0	0	0	404342.606827811	943262.304688327	0	403638.233654021	51063.4927813238	33957.2226995804	85.1058213022066	47139.3422735122	284596.675575311	1018.71668098742	47200.953235819	175149.590347844	432298.747709334	3602.48956424445	0.451963599836642	0	0	448417.681505937	2250.91839915101	469248.218943271
1955563.39270943	50798.9570129942	1184519.88745952	771043.505249925	0	1183415.62658142	238144.245331877	666803.886929256	0	47628.8490663754	0	1182258.31326703	0	0	880.929976602017	220.232494150504	2481.78631656156	2202.07575212582	173780.540318949	64274.9943645427	180207.888591688	0	0	0	471518.446811292	1001811.9381494	0	470877.928590224	30675.1112838524	20398.9490037619	51.1251854730871	50059.6501063777	303857.030863987	611.968470112853	50080.0946941415	181875.0460364	461554.983590866	3846.29152992388	0.451963599836642	0	0	471459.412259101	2201.60282331507	487228.73582197
2107984.63586617	12007.0731879367	1307580.95270013	800403.683166036	0	1306427.82959668	247215.011884865	692202.033277621	0	49443.002376973	0	1305192.69677677	0	0	860.416225451925	215.104056362981	2414.37426594906	2150.78203567648	180400.343801625	66723.4148307381	187057.92932404	0	0	0	546539.795073439	1060749.92261831	0	545774.835305101	7422.33962342851	4935.85584957998	12.3705660390476	53008.6572737636	323253.318595314	148.075675487399	52992.5622856758	188801.656314636	491017.699132123	4091.81415943436	0.451963599836642	0	0	495488.271100328	2150.30132356425	505749.216320552
2237657.79888527	0	1407045.55715996	830612.241725296	0	1406126.37418113	256547.307679489	718332.461502569	0	51309.4615358978	0	1405132.53313142	0	0	839.089847444115	209.772461861029	2344.38145189696	2097.45855677359	187211.265771984	69242.5229567612	194105.676183337	0	0	0	618862.153775051	1100028.41866848	0	618129.57929849	66.3395462138772	44.1157982322284	0.110565910356462	54982.5988663981	335252.669080768	1.32347394696685	54963.9937935868	195928.444079873	509244.560629015	4243.70467190846	0.451963599836642	0	0	520516.107123089	2096.96541818563	524804.2356068
2359404.51923985	0	1497735.33831215	861669.180927696	0	1496903.60810154	266141.401731048	745195.924846935	0	53228.2803462096	0	1495993.71773017	0	0	816.933090343448	204.233272585862	2271.74561921344	2042.05388153119	194212.783477217	71832.1253956831	201350.582973362	0	0	0	692268.521107695	1129315.20860379	0	691524.498895318	1.81285045208355e-36	1.20554555063556e-36	3.02141742013925e-39	56451.733188229	343384.370706364	3.61663665190668e-38	56437.6964108561	203255.409800747	521596.512465363	4346.63760387802	0.451963599836642	0	0	545634.042854932	2041.54561784788	544392.316927979
2485261.78436748	0	1591695.56047855	893566.223888927	0	1590869.89190673	275997.610483248	772793.309353095	0	55199.5220966497	0	1589933.41698205	0	0	793.91331408637	198.478328521592	2196.40322572276	1984.49716128983	201406.304407692	74492.7427261329	208794.098388004	0	0	0	771098.550667168	1156458.94494122	0	770298.816839093	1.90883524357968e-77	1.26937543698049e-77	3.1813920726328e-80	57809.9092272375	350605.032161424	3.80812631094146e-79	57796.8632021827	210780.598959477	532564.605814822	4438.03838179018	0.451963599836642	0	0	571799.797777458	1983.9914062809	564517.377123121
2615273.66310716	0	1688968.22327709	926305.439830063	0	1688088.6173337	286108.948549092	801105.055937458	0	57221.7897098184	0	1687117.58932222	0	0	770.035702114698	192.508925528675	2118.28941766301	1924.79143723627	208785.590864455	77222.0678539764	216429.764174396	0	0	0	855662.242810069	1181424.32383445	0	854804.494208149	1.66753940355562e-118	1.10891370336449e-118	2.77923233925936e-121	59059.2655118326	356930.509445142	3.32674111009346e-120	59047.3052074652	218504.501825728	542172.925739454	4518.10771449546	0.451963599836642	0	0	599029.935606735	1924.25122060288	585161.954990032
2749467.05171753	0	1789586.43062969	959880.62108785	0	1788716.08103389	296483.960379079	830155.089061422	0	59296.7920758158	0	1787723.19901037	0	0	745.24423905754	186.311059764385	2037.33800463571	1862.80856819221	216358.170370937	80022.8849317165	224265.360676213	0	0	0	946255.552636702	1204106.56569367	0	945337.654545936	5.13782657563072e-160	3.41665467279443e-160	8.56304429271787e-163	60194.5763648461	362322.16324648	1.02499640183833e-161	60183.7990653908	226425.651573899	550362.779614906	4586.35649679088	0.451963599836642	0	0	626786.06270638	1862.2724312881	606347.086272724
2887861.8390847	0	1893578.34830671	994283.490777977	0	1892542.79434309	307100.226844882	859880.63516567	0	61420.0453689764	0	1891500.63458675	0	0	719.585686548513	179.896421637128	1953.4814340986	1798.64134401133	224105.234309325	82888.2373472845	232281.422150585	0	0	0	1042975.18177125	1224124.06762997	0	1041994.26230909	1.10579840246492e-201	7.35355937639172e-202	1.84299733744153e-204	61196.7192378055	366637.250596012	2.20606781291752e-203	61187.237041975	234542.09438916	556917.342677486	4640.97785564572	0.451963599836642	0	0	656227.141284844	1798.00132176926	628020.1413701
3030439.2281438	0	2000945.87145414	1029493.35668965	0	2000050.51133215	317991.19234406	890375.338563368	0	63598.238468812	0	1998954.80875464	0	0	692.913791775608	173.228447943902	1866.65076539433	1731.93853776206	232052.652961683	85827.6935611705	240504.700895189	0	0	0	1146288.24929598	1241561.07575282	0	1145242.88409519	5.85160936907699e-243	3.8913202304362e-243	9.75268228179498e-246	62069.9938273043	369909.971049793	1.16739606913086e-244	62061.9114176673	242848.943352218	561888.563619938	4682.40469683282	0.451963599836642	0	0	686428.574306039	1731.38306766782	650253.450568474
3177213.10693418	0	2111709.09577458	1065504.0111596	0	2110881.49911239	329123.479872694	921545.743643542	0	65824.6959745387	0	2109801.8450808	0	0	665.282436398485	166.320609099621	1776.77564330626	1662.87742689308	240180.390531375	88833.8430732483	248914.461252593	0	0	0	1256281.04603181	1256017.5682757	0	1255168.09140031	5.24988052226304e-284	3.49117054730492e-284	8.7498008704384e-287	62794.3033586644	371990.128717196	1.04735116419148e-285	62787.7276713827	251344.602505266	565048.296785614	4708.73580654678	0.451963599836642	0	0	717202.085534971	1662.36171564592	672990.950794048
