WasteGenerated	CollectedPlastic	FormalCollection	InformalCollectSorting	MixedCollection	FormalSorting	ExportedWaste	ImportedWaste	CLMechanicalRecyling	OLMechanicalRecyling	ChemicalConversion	UnsortedWaste	UnsortedManagedWaste	EngineeredLandfills	ThermalEnergyRecovery	FuelsFractionChemConversion	UncollectedWaste	MismanagedWaste	OpenBurning	TerrestrialDumping	DirectToWater	UnsanitaryDumpsites	OceanLeakage	RecycledPlasticPolymers	RecycledMonomers	VirginPlasticInput	ExternalSource
0	0	1323.59239312846	3536.31983395747	1323.59542811079	14.0990173122187	2090.99683018394	28.198037364002	884.07901188142	2486.7004493094	0	2413.34149797219	69.3866309614159	3454.40348613238	0	0	863.658384401233	2343.95481969876	213403.617583658	23133.4650594264	289.929418817022	88589.8438006208	47316.4614829781	362031.093321653	0	0	0
0	0	1347.56656508711	3694.8535379092	1347.32892320755	14.2918496145943	3510.6080749492	28.5856298571392	923.314937026111	2596.71373503238	0	2484.60348360688	71.4143733479997	10491.505526665	0	0	1140.47911420005	2412.45413252436	367865.462034174	41145.000297598	348.127034863523	149965.049677417	82731.8249271457	613468.639818841	0	0	0
0	0	1372.11229081443	3847.12094801364	1371.87162468102	14.4906367949254	4949.96102703694	28.9832355190498	961.400756006651	2703.51303763818	0	2555.93900981559	73.4659607659504	17736.7362592581	0	0	1435.39402810601	2481.75895608631	541456.08281061	64330.544463343	410.546196549698	212563.607489654	124849.664036365	875761.325391411	0	0	0
0	0	1396.97607723924	4005.08735064402	1396.7317583607	14.6922099006568	6409.33683685222	29.3864305446211	1000.87713537547	2814.20814662381	0	2629.26287314648	75.5735091565984	25189.7380133889	0	0	1745.77009172115	2552.9542013311	735433.604942839	92964.8487393925	476.148212183775	276608.004277495	174011.92517465	1148815.87710744	0	0	0
0	0	1422.20454893579	4169.00007253916	1421.95469413019	14.8966526581355	7889.01862957441	29.7953495468099	1041.83798542609	2929.06203752397	0	2704.77027065093	77.7438177832311	32856.6832395386	0	0	2072.07518333632	2626.26955466564	950791.802735486	127330.59272608	545.037323708473	342131.720871559	230575.285472089	1433041.6726445	0	0	0
0	0	2311.62439625542	4338.88117637118	2302.63549664226	14.1926951480584	9344.44779525309	28.3781920072394	1105.64419262801	3026.13054175904	0	3599.92570450904	199.608063491024	45823.1554462285	0	0	1454.69487855965	3391.2377858828	1179612.02637829	159170.513066621	453.030434594646	421878.372168208	286292.931530252	1730026.5096709	0	0	0
0	0	2648.37984927992	4514.96737516288	2645.0733395551	13.5501687152183	10731.7451567746	27.0938923155125	1173.2054752295	3125.3662841271	0	3970.25778104593	328.214903824094	72191.0418691318	0	0	1392.19997254951	3638.52197854864	1415953.34479016	184739.889577238	442.292038479443	520099.91336292	336376.253249097	2042216.84254045	0	0	0
0	0	2999.56077930312	4697.35402543226	2996.03487917989	12.886774601483	12053.8121697867	25.7668461266599	1244.08065390517	3227.24544770597	0	4342.84131884531	476.736466496049	112343.081251311	0	0	1317.82697585668	3862.37938021336	1659766.3560621	209135.700189703	427.884861615634	625720.781029342	385321.256977937	2370052.34264068	0	0	0
0	0	3371.58076136778	4886.03065330437	3367.89263505277	12.2009937297241	13308.4363395431	24.3952327713992	1318.48372306644	3331.56595401031	0	4735.66944478248	648.239483133566	168490.879806924	0	0	1224.35967644569	4083.49955117513	1909778.51487011	232021.256307569	408.428570078787	738643.312665836	432592.339686332	2714216.01574931	0	0	0
0	0	3765.94699927033	5081.71026484292	3762.01206032921	11.4899666100698	14493.1247803796	22.9728248950904	1396.68812617232	3438.67334975866	0	5150.15410232386	844.585737933069	243034.592819432	0	0	1110.76853045505	4301.43220379545	2164657.00518834	253040.704531913	383.729382082755	858772.193553275	477631.814285743	3075449.83824904	0	0	0
0	0	4180.71615153362	5283.69380340456	4176.53959296388	10.7565689735692	15605.6629830635	21.5057021466393	1478.61506949747	3548.01998083332	0	5584.13136272549	1067.14995889436	338514.619947229	0	0	976.960262281757	4512.63891503571	2422862.6035967	271835.590073958	353.66252280909	985883.580510945	519865.033969615	3454464.57617886	0	0	0
0	0	4616.77759638696	5492.4406870829	4612.3880812	9.99846624390949	16643.6086342998	19.9892484182421	1564.49150674837	3659.8209447852	0	6038.52062242493	1317.70672062761	457648.608154432	0	0	822.133107094854	4716.26976880668	2682748.33974292	288032.388081231	318.089101511506	1119716.2466569	558699.169203134	3852017.5851842	0	0	0
0	0	5074.02974347102	5708.01780931849	5069.42623396934	9.2151415473595	17604.4680572994	18.4223343025222	1654.43504722289	3774.00992043761	0	6513.06195951074	1597.8534678719	603316.032666189	0	0	645.799382442976	4910.46325951789	2942526.96829733	301248.291945788	276.914183824338	1259937.89684406	593527.549787247	4268883.85235632	0	0	0
0	0	5552.59623490483	5930.63568333413	5547.78557798836	8.40550790397342	18485.6408122326	16.8028247511973	1748.61067340488	3890.62273152993	0	7007.80379575053	1909.24021857747	778563.006664146	0	0	447.404175510386	5093.62039627299	3200278.20502814	311090.020280002	230.053018841075	1406152.45599496	623730.849921326	4705866.23832906	0	0	0
0	0	6051.64634329431	6160.1093877039	6046.62818120494	7.56989638906513	19284.5570251221	15.1313444588369	1847.06835571609	4009.43127774679	0	7521.72944441339	2253.21413819157	986575.195296738	0	0	226.789046693299	5263.37836847894	3453930.77905478	317160.826191941	177.497504583817	1557873.21630307	648684.690711029	5163771.2272923	0	0	0
0	0	6475.7932195981	6396.66773078389	6471.54189879332	7.39440613769893	20032.4078690642	14.7871410844823	1949.98088164859	4131.04739067747	0	7973.52613106622	2548.95019424967	1227103.21967776	0	0	2.1371181259289	5420.02865772561	3701487.15019227	319221.695612594	128.270474229486	1714319.64046435	668164.364267408	5642947.22870219	0	0	0
0	0	6662.97374574214	6640.17880719876	6661.11827255692	7.22233457963722	20763.3703104415	14.4429307694285	2057.41392839811	4254.75508843197	0	8191.1861890183	2782.8085162789	1493823.10217932	0	0	8.66103132510714e-37	5406.27669063275	3944475.85874214	319222.080293403	119.035846967749	1872261.46754668	684548.852953727	6143407.62930667	0	0	0
0	0	6833.01591095589	6891.09908016796	6831.31887843132	7.04310817374605	21476.7494571259	14.0844182233833	2169.61509106927	4380.72819933138	0	8386.54493918356	3016.95751326047	1783838.34985068	0	0	8.46923195242185e-78	5367.64833103037	4183406.59165983	319222.080293403	110.137344517421	2027566.44394318	699990.666095845	6666050.63949195	0	0	0
0	0	6985.77772383201	7148.83568931335	6984.26340531336	6.85707297140059	22171.8717384429	13.7123053217054	2286.51155976371	4508.48909484526	0	8563.79266963125	3252.05692133413	2097321.71389527	0	0	1.07073063780542e-119	5309.9732039067	4417071.26886129	319222.080293403	100.991925580847	2179448.48412413	714441.709235109	7211641.81269814	0	0	0
0	0	7119.5761018161	7413.42201080701	7118.24617693708	6.66400052647373	22848.0420089188	13.3260822292659	2408.20385830868	4637.93178131477	0	8721.12561685189	3486.30183154372	2434280.1705138	0	0	1.26819337767917e-161	5233.26106625554	4644261.32765906	319222.080293403	91.6855126035015	2327122.02234268	727861.553074	7780958.37466695	0	0	0
0	0	7232.63220136311	7684.93654653294	7231.50011748712	6.46366101311187	23504.5420639097	12.9252976099288	2534.82385974709	4769.00939963634	0	8856.6996053667	3717.72129830799	2794531.76278389	0	0	2.27379618747767e-203	5137.63365177274	4863766.58508032	319222.080293403	82.3057498245188	2469800.43966651	740218.377907736	8374790.45808073	0	0	0
0	0	7323.16503667232	7963.69628217111	7322.24040524972	6.25557695866199	24140.6076864673	12.508923243478	2666.56529368446	4901.78505884608	0	8968.68579617227	3944.2051529182	3177693.29519159	0	0	5.05259759504678e-245	5023.37439155083	5074385.40623875	319222.080293403	72.9419495360279	2606702.67341948	751489.385492594	8993961.552473	0	0	0
0	0	7389.05967536109	8249.51679578028	7388.42741961153	6.03942659376064	24755.4379144329	12.0767996202166	2803.56985204061	5036.21269097277	0	9054.97451602214	4163.36948180195	3583153.24308783	0	0	4.17414834953007e-286	4890.75872972938	5274924.66188771	319222.080293403	63.6815313364821	2737053.18959131	761660.643853825	9639316.07278035	0	0	0
0	0	7427.95113476628	8541.470100732	7427.57278733402	5.81607012965102	25348.323079714	11.6299685054606	2945.49089166149	5171.3760530838	0	9112.69440043596	4372.30153234849	4010022.19226919	0	0	0	4739.82882959928	5464188.37625759	319222.080293403	54.6073724260916	2860074.60393173	770726.519853816	10311605.8802305	0	0	0
0	0	7437.95796884974	8840.21723613638	7437.864358211	5.58449718876937	25918.4509530891	11.1667307895595	3092.7152494188	5307.70153316029	0	9140.12538957022	4568.42262090971	4457158.78622291	0	0	0	4571.44318664365	5641020.20841609	319222.080293403	45.8107017182439	2975015.29483475	778691.131920937	11011654.0748131	0	0	0
