WasteGenerated	CollectedPlastic	FormalCollection	InformalCollectSorting	MixedCollection	FormalSorting	ExportedWaste	ImportedWaste	CLMechanicalRecyling	OLMechanicalRecyling	ChemicalConversion	UnsortedWaste	UnsortedManagedWaste	EngineeredLandfills	ThermalEnergyRecovery	FuelsFractionChemConversion	UncollectedWaste	MismanagedWaste	OpenBurning	TerrestrialDumping	DirectToWater	UnsanitaryDumpsites	OceanLeakage	RecycledPlasticPolymers	RecycledMonomers	VirginPlasticInput	ExternalSource
0	0	1329.6394755723	134.403660175974	1329.63947557415	0	0	0	0	127.682756658822	0	1370.8339612564	39.4132171180254	1962.76751131667	0	0	3753.41563111193	1331.42074984158	433857.522513672	205028.187006019	70.3244398519645	60886.3537896445	32954.9811468698	13524.5976451969	0	0	0
0	0	1358.24548550745	142.791302231043	1357.95789715087	0	0	0	0	135.571173119596	0	1401.38598510672	40.2825546047211	5946.36724156073	0	0	4162.70823710747	1360.78790261512	739612.589768312	350250.63905443	72.1826639926843	103057.663303243	56124.5864535911	23128.57037718	0	0	0
0	0	1387.64215309662	148.705749786284	1387.34673737168	0	0	0	0	141.213576587949	0	1432.5969855461	41.1799890146799	10020.1063550337	0	0	4599.07699152693	1391.10419959395	1072176.77003823	511076.483578673	74.1347596693537	146033.746873608	80910.9236189216	33233.615721716	0	0	0
0	0	1417.63046526838	154.811874821614	1417.33325466757	0	0	0	0	147.012240895652	0	1464.44962086351	42.0956484547908	14184.6137986815	0	0	5060.30942090755	1422.03615763993	1433110.90427717	688409.889926137	76.1420502642954	189865.761373368	107400.328060423	43754.245086446	0	0	0
0	0	1448.12296046445	161.146282165699	1447.81658560422	0	0	0	0	153.027732606732	0	1496.86672674857	43.0274845836211	18441.4552917708	0	0	5545.12331161029	1453.51458158237	1823818.43980217	883099.380000298	78.2002350446175	234563.894366751	135672.370739613	54706.1404315005	0	0	0
0	0	2269.17050588155	167.714657119202	4474.38741732338	0	0	0	0	159.265442381295	0	2280.06397372664	65.3160743422261	23785.1458117296	0	0	4961.01745140446	2206.4470509225	2232412.01982661	1076165.02000706	114.885933522203	291928.522059117	166626.917235273	66151.4497508867	0	0	0
0	0	2561.45520857257	174.520978799643	5111.44595503284	0	0	0	0	165.729169110666	0	2604.00514467583	74.7859968423963	30848.1764745372	0	0	4883.81795451302	2526.35119065211	2653358.3350327	1256779.25510079	131.062806263996	369461.12150136	201024.620219189	78185.5447154064	0	0	0
0	0	2847.85371401681	181.570062027913	5684.25991049869	0	0	0	0	172.423474491197	0	2891.26455908604	83.0448751686721	38740.6333040769	0	0	4789.83384698117	2805.34495919153	3084907.29658877	1434363.68071487	144.918429943489	456585.930138149	237331.620916034	90825.2559132427	0	0	0
0	0	3132.58464827102	188.868256817082	6253.78849672569	0	0	0	0	179.354364488476	0	3176.88635403773	91.2574942511734	47457.5085672879	0	0	4672.92784337743	3082.77604085744	3525568.24624647	1608074.3409362	158.674331938646	553234.378019602	275455.993166124	104097.431744638	0	0	0
0	0	3353.32181823336	196.420529386335	6697.8124881313	0	0	0	0	186.526576628411	0	3400.34709315312	97.7007507393708	56911.0691736436	0	0	4496.5220326653	3300.43615622554	3971186.5366715	1776412.18223778	169.412786578876	658355.410624934	315032.811958237	118029.804030292	0	0	0
0	0	3620.49159437887	204.231329531493	7230.26270025523	0	0	0	0	193.944365589081	0	3666.87715284163	105.350286652797	67062.3989436171	0	0	4336.66519633067	3558.84568446311	4419654.29054247	1938555.47507389	182.150351655095	771477.43640514	355879.398767394	132650.98446257	0	0	0
0	0	3875.65942306925	212.302925884729	7741.08674760946	0	0	0	0	201.609889041066	0	3923.15357753454	112.722137500021	77968.666064371	0	0	4156.67359703073	3807.87471331249	4872002.38265376	2094470.97882058	194.428056560611	893269.666525511	398146.05201987	147990.314083906	0	0	0
0	0	4114.45759060212	220.638153220352	8219.33876157987	0	0	0	0	209.525837079809	0	4163.14394226308	119.626948703959	89589.2709476839	0	0	3956.92023384251	4041.12664205335	5326216.09269471	2243413.99561151	205.899145589669	1023240.31181941	441657.883748682	164077.854333871	0	0	0
0	0	4332.50062887542	229.241030516337	8656.33822570128	0	0	0	0	217.696033038968	0	4382.50758228753	125.939932518329	101871.414410712	0	0	3738.61599455824	4254.38600676585	5780107.66225614	2384677.79894799	216.354146706785	1160752.60287544	486210.913078327	180944.435079869	0	0	0
0	0	4524.17118159432	238.111807471493	9040.649090839	0	0	0	0	226.120700089233	0	4575.52551496017	131.496882558139	114746.616002564	0	0	3504.07144348988	4442.10573963315	6231325.97564212	2517640.53074253	225.518364886753	1304983.48977734	531567.245089364	198621.585867096	0	0	0
0	0	4684.98918190379	247.255489084261	9363.55338787485	0	0	0	0	234.804593310227	0	4738.30336048738	136.185701031732	128134.693610949	0	0	3254.4503311882	4600.49905701416	6677347.81732181	2641712.98560561	233.203279620275	1454970.88193797	577460.78870382	217122.069733718	0	0	0
0	0	4809.47606982429	256.673163221891	9614.00277105225	0	0	0	0	243.748783025629	0	4864.89453555004	139.836013121056	141940.853485931	0	0	2991.13660085998	4723.81051480684	7115449.106366	2756355.33175502	239.123676353227	1609579.0554165	623591.219178945	236445.828229437	0	0	0
0	0	4890.65668005237	266.362791366807	9778.07967556697	0	0	0	0	252.95134706817	0	4948.33145704993	142.247303917151	156050.088060748	0	0	2717.85001686732	4805.26650430928	7542728.5055343	2861157.37313492	242.944197114971	1767432.3112778	669616.288088464	256626.604980996	0	0	0
0	0	4922.25845103586	276.324622499645	9843.26736923517	0	0	0	0	262.412496115343	0	4982.35802035206	143.23989359615	170329.992864028	0	0	2436.81504214395	4838.7972483422	7956074.01408562	2955784.94686602	244.363914844964	1926948.4034327	715154.399914031	277694.611030972	0	0	0
0	0	4897.20369541745	286.556164234862	9795.43097431355	0	0	0	0	272.129916216738	0	4959.90739736954	142.610734362628	184628.579536685	0	0	2150.83675621929	4817.543574582	8352153.2653117	3039999.74321842	243.04285384402	2086312.57781608	759780.664131024	299680.381661615	0	0	0
0	0	4807.91034406314	297.057926225092	9619.40772613083	0	0	0	0	282.104025283468	0	4873.39854566375	140.14198624236	198772.70112694	0	0	1863.55902308943	4734.14661503887	8727434.33215852	3113690.55822361	238.616962549545	2243458.90130396	803025.509359868	322614.708987584	0	0	0
0	0	4646.30877288263	307.828007753031	9299.07324541452	0	0	0	0	292.333072057948	0	4714.77017107735	135.602017680702	212566.753167457	0	0	1578.70046761519	4580.78160734311	9078165.22505112	3176876.10616624	230.698973431871	2396054.78384115	844371.485819455	346528.763004385	0	0	0
0	0	4404.03759831496	318.863637377832	8817.74578666728	0	0	0	0	302.814409060753	0	4475.68144959682	128.751164215347	225791.822205181	0	0	1300.69289019885	4349.35242888798	9400401.00450562	3229731.54628936	218.888675649808	2541490.96016905	883253.383517467	371453.891188041	0	0	0
0	0	4072.04076188885	330.158289678046	8157.39697089282	0	0	0	0	313.541888688563	0	4147.119644381	119.330430924154	238203.868389322	0	0	1033.97454750973	4031.10995339919	9689968.20222571	3272588.06304319	202.753393591436	2676859.97259192	919053.399781332	397421.481955566	0	0	0
0	0	3640.57008019605	341.709659595065	7298.29356442505	0	0	0	0	324.513600163847	0	3719.21528316639	107.056195702426	249531.140223683	0	0	783.352037851695	3616.47312195995	9942430.49334514	3305942.29841617	181.818972550726	2798925.49483104	951095.140293764	424462.898101244	0	0	0
