WasteGenerated	CollectedPlastic	FormalCollection	InformalCollectSorting	MixedCollection	FormalSorting	ExportedWaste	ImportedWaste	CLMechanicalRecyling	OLMechanicalRecyling	ChemicalConversion	UnsortedWaste	UnsortedManagedWaste	EngineeredLandfills	ThermalEnergyRecovery	FuelsFractionChemConversion	UncollectedWaste	MismanagedWaste	OpenBurning	TerrestrialDumping	DirectToWater	UnsanitaryDumpsites	OceanLeakage	RecycledPlasticPolymers	RecycledMonomers	VirginPlasticInput	ExternalSource
0	0	1971.06775908083	5266.21792998476	1971.07227871683	20.9959842472373	3113.8713507454	41.9919626359977	1316.55309326409	3703.14544385045	0	3593.90065829376	103.329207122246	5144.22972893037	0	0	1286.14307938825	3490.57145006105	317792.534844365	74073.0291686501	175.814713775505	133615.024535357	29404.2994053856	539135.925520722	0	0	0
0	0	2006.76147734884	5502.25872790426	2006.40875566565	21.2830792002065	5227.92289776652	42.5690260389255	1374.97291904969	3866.94831036929	0	3700.00378941119	106.348337637482	15623.6916305969	0	0	1698.28499433005	3592.56091726004	547808.490988137	131742.598213419	181.269051197889	226185.053393533	50203.1390700665	913569.15960531	0	0	0
0	0	2043.32209356423	5729.05411476303	2042.96328056985	21.5791688006978	7371.37814057018	43.1612554914423	1431.69788694597	4026.01504431861	0	3806.25166134767	109.403993528904	26413.137798859	0	0	2137.55402968327	3695.78425084459	806315.318044982	205981.906334018	186.870756104693	320600.61721444	72104.051321871	1304169.88223872	0	0	0
0	0	2080.34337669991	5964.26672760101	2079.97975414075	21.8793143331862	9544.64734323918	43.7615983629415	1490.47917314794	4190.842736098	0	3915.43191068177	112.54216016333	37511.9605679256	0	0	2599.69253481069	3801.79488583091	1095177.82999802	297665.823205086	192.631672575593	417196.499583696	95139.553998428	1710795.34752325	0	0	0
0	0	2117.91842933723	6208.38967563623	2117.54651197269	22.1837864373955	11748.1599157734	44.3706385922436	1551.48404112423	4361.89991567544	0	4027.88943676083	115.774527404562	48929.4193903306	0	0	3085.68568186322	3910.98771835704	1415884.50261579	407704.180253473	198.575464425536	516024.046385921	119356.403015415	2134058.59442316	0	0	0
0	0	3424.31177164966	6461.38041932657	3411.10645328783	21.1354685266812	13915.5545979094	42.2602046848466	1614.71016436408	4538.10538092845	0	5385.69024005753	298.698054897547	68286.2247783158	0	0	2256.95082441387	5073.01293697512	1759480.27667531	511389.838921825	255.346171593353	636403.76934939	146703.836292125	2574530.15922397	0	0	0
0	5.80751475466242e-11	4021.55656082244	6723.56124022553	4015.67396522472	20.1787941484362	15981.505498671	40.348044380906	1680.23282266548	4720.80257173009	0	6077.47868323398	502.45882319629	108251.235155139	0	0	2227.66426941002	5568.32835372783	2122435.71998035	598012.530075688	280.415537681256	786942.948307795	178170.435100233	3032803.63322823	0	0	0
0	1.1637245594797e-10	4662.88420468289	6995.23220356508	4656.43641414842	19.1906311453819	17950.29215565	38.3712567728257	1748.12364240162	4910.10660120223	0	6800.51496829025	746.532681799413	170499.780091241	0	0	2181.22612909682	6046.73740403724	2507295.786853	683350.07711276	304.283712644967	953214.279843222	212158.756185536	3509531.31651593	0	0	0
0	1.16372462748143e-10	5359.50973273396	7276.49120028683	5352.49443354165	18.1682500351136	19818.5344758606	36.3261224393795	1818.41331617768	5106.10006204862	0	7581.74324669879	1037.77420001532	259499.753892537	0	0	2106.0026565488	6536.14177423634	2912935.2696642	766332.893868722	328.673922779161	1135568.6141181	248691.942699711	4005368.89102402	0	0	0
0	1.16372462748143e-10	6003.63145028168	7567.39374781997	5997.14761818695	17.1115579436025	21582.8392434825	34.2123717084809	1891.11389206242	5308.81660240837	0	8315.59474212848	1363.72557885388	379398.377709622	0	0	1925.57159919144	6944.54375428715	3333329.1710143	844383.631166957	348.956525279937	1332669.91831473	287503.061806766	4520976.47797718	0	0	0
0	1.16372462748143e-10	6806.35583050084	7868.32941379086	6798.26477272005	16.0186673416023	23239.6288238851	32.0262574587677	1966.32355584682	5518.52963624737	0	9206.83279333754	1759.31626001745	535277.413295926	0	0	1785.19062556521	7438.55611067786	3766217.47291857	916195.620071528	373.471174895967	1544363.92406187	328527.403654754	5057042.48101624	0	0	0
0	1.16372462748143e-10	7673.11620281739	8179.2793178016	7664.38695747937	14.8893250405205	24785.2983141154	29.7671960002115	2044.03556577406	5735.22008405649	0	10167.1026777711	2218.41171668893	733903.025860343	0	0	1610.38813065076	7939.06812406428	4214615.30948465	981922.529830104	398.321213405245	1772478.76093177	372050.796133376	5614255.74754696	0	0	0
0	1.16372462748143e-10	8606.30455663135	8500.445563149	8596.92032523631	13.7221959822539	26216.1119334716	27.4325873869074	2124.30240678803	5959.03383561732	0	11196.8675725839	2746.62421524454	981880.946142121	0	0	1397.99572370482	8439.92729204635	4676332.94358733	1040154.80393122	423.152569032214	2017011.43509616	418036.073113225	6193319.19967258	0	0	0
0	1.16372462748143e-10	9608.0558887835	8831.69052701088	9597.96175995841	12.517756121432	27528.378884325	25.023291461693	2207.08693551713	6189.8672712615	0	12298.1850898504	3350.18263354667	1286421.13132772	0	0	1145.8448768932	8936.96117307496	5148818.08171682	1089400.28717499	447.754599560533	2277804.56939358	466420.750499022	6794924.34742239	0	0	0
0	1.16372462748143e-10	10683.1860833483	9173.48656296819	10672.3690630176	11.2730703284282	28718.1222287975	22.5335443645013	2292.51049059934	6428.05779374344	0	13476.0491151614	4036.38233654021	1655443.33906628	0	0	851.058213022063	9427.86845470246	5629221.04922677	1128056.77923169	472.009532358191	2554617.32200593	517126.499565278	7419799.55481554	0	0	0
0	1.16372462748143e-10	11834.1562658141	9525.76981327508	11822.5831326702	11.0116247075252	29831.8091546898	22.0207575212583	2380.55534683491	6674.36624413658	0	14733.3038496069	4708.77928590224	2093287.14131015	0	0	511.251854730871	10011.9300212755	6116742.01148325	1154431.62358571	500.800946941415	2848650.648048	570277.395541303	8068692.63520035	0	0	0
0	1.16372462748143e-10	13064.2782959668	9888.60047539458	13051.9269677676	10.7552028181491	30920.3290430128	21.5078203567646	2471.23758632363	6928.07145644592	0	16072.8971769175	5457.74835305101	2601351.13329571	0	0	123.705660390476	10601.7314547527	6612291.79408716	1166728.72965302	529.925622856758	3162337.25134628	626182.978836865	8742364.79859464	0	0	0
0	1.16372462748143e-10	14061.2637418114	10261.8923071796	14051.3253313142	10.4886230930514	31982.6953898314	20.9745855677361	2564.53788728745	7189.09911790138	0	17188.9057244353	6181.2957929849	3183313.09120131	0	0	1.10565910356462	10996.5197732796	7116482.60715315	1169096.58458915	549.639937935868	3491846.25444081	684443.649241726	9441543.79296988	0	0	0
0	1.16372462748143e-10	14969.0360810154	10645.6560692419	14959.9371773016	10.2116636292931	33017.8825458647	20.420538815312	2660.449088729	7457.42899901341	0	18215.8372971148	6915.24498895318	3838087.41743033	0	0	3.02141742013925e-38	11290.3466376458	7632174.40842057	1169097.01251209	564.376964108561	3831342.92020683	744467.610841704	10166953.2751628	0	0	0
0	1.16372462748143e-10	15908.6989190674	11039.9044193299	15899.3341698204	9.92391642607962	34024.8240042531	19.8449716128982	2758.99047133825	7733.11475511124	0	19275.5749560839	7702.98816839094	4568879.14412408	0	0	3.18139207263279e-79	11561.9818454475	8159456.27017532	1169097.01251209	577.968632021827	4178470.14586203	805996.942597067	10919325.8840687	0	0	0
0	1.16372462748143e-10	16880.8861733371	11444.3579419637	16871.1758932221	9.62544627643373	35002.4600266348	19.2479143723625	2860.07658718431	8015.91719164428	0	20370.8656664452	8548.0449420815	5381301.49598062	0	0	2.77923233925936e-120	11811.8531023665	8697020.7895983	1169097.01251209	590.473052074652	4532366.7878155	868916.390500834	11699366.4453927	0	0	0
0	1.16372462748143e-10	17887.1608103391	11859.3584151632	17877.2319901038	9.31555298821925	35949.6613298139	18.6280856819221	2963.81055302653	8306.12446948936	0	21503.6211833037	9453.37654545935	6281264.61486249	0	0	8.56304429271786e-162	12038.9152729692	9243503.78736305	1169097.01251209	601.837990653908	4892134.76134395	933105.408085525	12507811.3615418	0	0	0
0	1.16372462748143e-10	18925.4279434307	12284.0090737953	18915.0063458675	8.99482108185642	36865.3572830504	17.9864134401132	3069.93471656609	8603.01563520685	0	22670.9924940122	10419.9426230909	7274782.60519781	0	0	1.84299733744153e-203	12239.3438475611	9797331.99699835	1169097.01251209	611.87237041975	5256738.33268719	998423.393493	13345327.2203342	0	0	0
0	1.163712959604e-10	20000.5051133216	12719.6476937624	19989.5480875465	8.6614223971951	37748.2968617756	17.3193853776206	3178.80346522854	8907.58151463663	0	23878.4932504881	11452.4288409519	8368329.5955371	0	0	9.75268228179498e-245	12413.9987654609	10356977.0940411	1169097.01251209	620.619114176673	5625171.354907	1064733.68353993	14212681.911911	0	0	0
0	1.42157600410706e-11	21108.8149911239	13164.9357116811	21098.0184508079	8.31603052271119	38597.2910508105	16.6287742689308	3290.14267586474	9219.05507190404	0	25122.9865596937	12551.6604839412	9568474.74283531	0	0	8.74980087043839e-286	12558.8815184111	10920691.173291	1169097.01251209	627.876884172002	5996283.12374655	1131878.5573737	15110564.5009893	0	0	0
