Var1	Var2	Var3	Var4	Var5	Var6	Var7	Var8	Var9	Var10	Var11	Var12	Var13	Var14	Var15	Var16	Var17	Var18	Var19	Var20	Var21	Var22	Var23	Var24	Var25	Var26	Var27	Var28	Var29	Var30	Var31	Var32	Var33	Var34	Var35	Var36	Var37	Var38	Var39	Var40	Var41	Var42	Var43	Var44
89286.6664457806	252045.742958427	89286.6664457806	0	0	89286.6664457768	0	8574.0775790994	0	451.267241005232	0	89286.6664462218	0	0	0	0	0	0	0	0	2314.98790941332	0	0	0	2646.63829328596	89406.2803971069	0	2646.63837749419	151227.44577505	50409.1485916834	50409.1485916834	4470.31416208757	24291.6590241782	17643.2020070891	54879.4575160398	9024.53462910687	45546.8606703342	6072.91475604456	0	0	0	88817.7576644732	0	6259.04138471008
91232.2561100969	279883.137584423	91232.2561100969	0	0	91209.6049063101	0	9109.33401961968	0	479.438632611562	0	91190.2643191318	0	0	0	0	0	0	0	0	2458.06053371384	0	0	0	2705.68347110485	91400.889837152	0	2705.07366377344	167735.427210929	55911.8090703097	55911.8090703097	4569.01449457012	24709.2763788809	19569.1331746084	60424.466097832	9594.78671282959	46329.8932104017	6177.31909472023	0	0	0	96283.9223562067	0	6645.86736893001
93208.6462019944	309234.346346178	93208.6462019944	0	0	93184.4645501931	0	9486.46789995152	0	499.287784207975	0	93164.9031505132	0	0	0	0	0	0	0	0	2560.31521815549	0	0	0	2765.9734808553	93437.5510350828	0	2765.37021353559	185325.092814286	61775.0309380955	61775.0309380955	4670.85860089717	25202.0860690365	21621.2608283334	66386.7775754024	9989.79445130722	47253.9113794434	6300.52151725912	0	0	0	103711.433446397	0	6922.33373797596
95217.7840289782	340150.280731514	95217.7840289782	0	0	95194.0212721314	0	9875.98393041935	0	519.788627916808	0	95173.7888967678	0	0	0	0	0	0	0	0	2665.44495162352	0	0	0	2827.33225306884	95510.3161753976	0	2826.71775336201	203870.77647238	67956.9254907934	67956.9254907934	4774.47788580867	25700.837811913	23784.9239217777	72668.0943857309	10399.9616681366	48189.0708973368	6425.20945297824	0	0	0	111447.683064826	0	7206.57338772284
97262.8440941612	372677.104213227	97262.8440941612	0	0	97239.3303880104	0	10280.0696870925	0	541.056299320657	0	97218.939914661	0	0	0	0	0	0	0	0	2774.50874500445	0	0	0	2889.86870415718	97622.864571311	0	2889.24258683743	223381.870242625	74460.6234142083	74460.6234142083	4880.08568283304	26206.7715178636	26061.2181949729	79274.7971513626	10825.4669805042	49137.6965959942	6551.69287946589	0	0	0	119444.917961768	0	7501.44956982683
103395.211347434	402816.35099629	103395.211347434	0	0	103331.276986099	0	10699.1082285422	0	563.110959396956	0	103269.541559859	0	0	0	0	0	0	0	0	2887.60809982396	0	0	0	3066.54101471284	103591.044724985	0	3064.7388848103	241501.276537567	80500.4255125223	80500.4255125224	5176.50834219342	27867.8230754783	28175.1489293828	85613.1967185931	11266.7113908053	52252.1682665218	6966.95576886957	0	0	0	127824.652360681	0	7807.23671433885
105626.238503144	438605.579904664	105626.238503144	0	0	105601.469836656	0	11133.2968106354	0	585.962990033441	0	105579.154930469	0	0	0	0	0	0	0	0	3004.79793676611	0	0	0	3138.09165043746	106008.10194675	0	3137.40941321269	262924.95062729	87641.6502090967	87641.6502090967	5299.25276207567	28467.8029908361	30674.5775731839	92868.1546507322	11723.9181330749	53377.1306078177	7116.95074770902	0	0	0	136553.487093457	0	8124.08331051579
107901.259914447	476150.820657682	107901.259914447	0	0	107876.456214231	0	11582.9908817604	0	609.63109904002	0	107853.626547999	0	0	0	0	0	0	0	0	3126.17297678158	0	0	0	3207.64176348331	108357.579366617	0	3206.94525614838	285444.887436813	95148.2958122709	95148.2958122709	5416.70253008757	29030.3693670231	33301.9035342948	100488.476717003	12197.4437997167	54431.9425631683	7257.59234175578	0	0	0	145371.827349569	0	8452.2454557428
110222.443851561	515505.82784963	110222.443851561	0	0	110196.769465438	0	12048.562371464	0	634.134861656002	0	110173.519433672	0	0	0	0	0	0	0	0	3251.8339422158	0	0	0	3278.64427865538	110756.120488189	0	3277.93329171254	309042.315602757	103014.105200919	103014.105200919	5536.60512933187	29602.4984823874	36054.9368203217	108470.663121032	12687.6896998447	55504.6846544764	7400.62462059686	0	0	0	154617.758017339	0	8791.99547339826
94397.9734195684	459425.557473481	94397.9734195684	0	0	94562.8754569207	0	12530.3598806451	0	659.492625297113	0	94722.1624004983	0	0	0	0	0	0	0	0	3381.87502627243	0	0	0	2844.07952558782	96076.0570046291	0	2848.58336595137	276005.18923517	92001.7297450565	92001.7297450565	4811.41007815203	25030.9692304117	32200.6054107698	96933.8683796796	13195.0126398522	46933.0673070218	6257.74230760291	0	0	0	138334.925503809	0	9143.58803399581
96429.1865467655	495082.042460427	96429.1865467655	0	0	96403.6881520355	0	13028.6109236843	0	685.716364404437	0	96383.2905675131	0	0	0	0	0	0	0	0	3516.35794618778	0	0	0	2891.32589404236	97672.0900086505	0	2890.69449056944	296780.661892212	98926.8872974039	98926.887297404	4882.5380261038	25295.5335143061	34624.4105540914	103736.769937927	13719.6802637658	47429.1253393239	6323.88337857651	0	0	0	120934.138837486	0	9507.19000265585
98508.2180093862	532355.175971077	98508.2180093862	0	0	98488.3161259123	0	13543.5494570598	0	712.818392476831	0	98467.4010508168	0	0	0	0	0	0	0	0	3655.34615048658	0	0	0	2956.00672619025	99857.0778968715	0	2955.36075009753	319199.023523817	106399.674507939	106399.674507939	4991.76280657848	25786.119140654	37239.8860777787	111315.340182033	14261.8710104473	48348.9733887263	6446.52978516351	0	0	0	128086.565748978	0	9882.97292538964
100639.046928585	571287.425104368	100639.046928585	0	0	100617.568883238	0	14075.2739046434	0	740.803889718075	0	100596.105092771	0	0	0	0	0	0	0	0	3798.86610382271	0	0	0	3022.12445912549	102090.605834945	0	3021.46178345362	342537.000603772	114179.000201257	114179.000201257	5103.41099699735	26285.7746180018	39962.65007044	119202.867481088	14821.7632616942	49285.8274087533	6571.44365450044	0	0	0	135326.637807329	0	10271.0083547799
102825.175586661	611925.330763221	102825.175586661	0	0	102803.200494264	0	14624.0704436228	0	769.687918085411	0	102781.158863045	0	0	0	0	0	0	0	0	3946.99473227845	0	0	0	3090.0193406281	104384.167757838	0	3089.33905108262	366910.101703438	122303.36723448	122303.36723448	5218.05934236482	26797.9209418433	42806.1785320678	127438.345420911	15399.6245616714	50246.1017659561	6699.48023546082	0	0	0	142897.143333	0	10671.5042761603
105071.870080002	654307.194827688	105071.870080002	0	0	105047.590197423	0	15189.9739057005	0	799.472310826344	0	105025.168357396	0	0	0	0	0	0	0	0	4099.74264945509	0	0	0	3159.76691733496	106740.315711977	0	3159.06781172648	392309.486599743	130769.828866581	130769.828866581	5335.83495873224	27323.3166958142	45769.4401033033	136019.898675639	15995.4995414931	51231.2188046516	6830.82917395355	0	0	0	150811.574549515	0	11084.4893855638
107382.651606347	698480.176683334	107382.651606347	0	0	107361.815648499	0	15773.3046379771	0	830.173928314585	0	107338.703756252	0	0	0	0	0	0	0	0	4257.19451387532	0	0	0	3231.67309774003	109169.383614414	0	3230.95396066276	418849.116153099	139616.372051033	139616.372051033	5457.25451962897	27865.0033611664	48865.7302178615	144984.054895345	16609.7003693054	52246.8813021871	6966.25084029161	0	0	0	159087.34371826	0	11510.1925745518
109763.140144478	744474.790089271	109763.140144478	0	0	109742.540074418	0	16374.0758020482	0	861.793463265697	0	109718.906224191	0	0	0	0	0	0	0	0	4419.35573177512	0	0	0	3305.65675068707	111668.630767667	0	3304.91589360434	446446.047915757	148815.349305252	148815.349305252	5582.18019103753	28422.1286502251	52085.3722568384	154304.956712799	17242.2715977598	53291.491219172	7105.53216255627	0	0	0	167739.364604408	0	11948.6284599846
112220.109173509	792318.285812497	112220.109173509	0	0	112198.291325301	0	16992.2103223007	0	894.326859068456	0	112173.726311592	0	0	0	0	0	0	0	0	4586.20511653949	0	0	0	3381.94445492962	114245.711245065	0	3381.17995548306	475136.059283473	158378.686427824	158378.686427824	5710.99428168694	28997.0455548456	55432.5402497385	163992.727289459	17893.1239931595	54369.4604153354	7249.26138871139	0	0	0	176783.127256071	0	12399.7397595327
114759.889761791	842037.795789569	114759.889761791	0	0	114734.874807919	0	17627.7050974002	0	927.773952494748	0	114708.737964612	0	0	0	0	0	0	0	0	4757.74115835222	0	0	0	3460.69727285419	116906.065906783	0	3459.90830298125	504928.872476207	168309.624158736	168309.624158736	5843.97068291034	29591.4193206381	58908.3684555574	174049.88073417	18562.2575983025	55483.9112261964	7397.85483015951	0	0	0	185920.46820637	0	12863.5223911005
117390.304082419	893653.495426893	117390.304082419	0	0	117369.984796938	0	18280.4268274715	0	962.127727761656	0	117344.381648959	0	0	0	0	0	0	0	0	4933.93109349697	0	0	0	3542.50270894175	119669.541284362	0	3541.68520926983	535952.865653007	178650.955217669	178650.955217669	5982.0962634287	30211.3072281223	62527.8343261842	184531.192068384	19249.4939172631	56646.2010527293	7552.82680703057	0	0	0	195472.151896144	0	13339.8877713066
120117.781401176	947192.875346937	120117.781401176	0	0	120093.984966979	0	18950.3602062288	0	997.387379275201	0	120065.971364568	0	0	0	0	0	0	0	0	5114.7652895842	0	0	0	3626.933058065	122521.689039833	0	3626.08614445905	568035.439786284	189345.146595428	189345.146595428	6124.65396949015	30852.3352628791	66270.8013083998	195358.397857149	19954.8777238156	57848.1286178983	7713.08381571979	0	0	0	205430.641661668	0	13828.8098570239
122950.254811791	1002675.11451796	122950.254811791	0	0	122929.106737481	0	19637.4279061729	0	1033.54883716699	0	122901.041482395	0	0	0	0	0	0	0	0	5300.22836887153	0	0	0	3714.78683251336	125489.483774837	0	3713.90816242167	601356.499413439	200452.166471146	200452.166471146	6272.99006783282	31522.7315930892	70158.2582649012	206613.73114977	20678.2750604199	59105.1217370422	7880.68289827229	0	0	0	215631.144330075	0	14330.2470713934
125896.204434763	1060116.10963854	125896.204434763	0	0	125873.254492948	0	20341.4272065776	0	1070.60143192514	0	125844.004775446	0	0	0	0	0	0	0	0	5490.2626089745	0	0	0	3805.89534783919	128567.227147798	0	3804.98247912584	635801.15213058	211933.71737686	211933.71737686	6426.81947317476	32220.8199983914	74176.8010819009	218244.939690177	21419.5074953473	60414.0374969838	8055.20499959785	0	0	0	226479.599301151	0	14844.0433501903
128966.282792393	1119513.74781624	128966.282792393	0	0	128941.429951933	0	21061.9513720905	0	1108.52375642581	0	128911.183652498	0	0	0	0	0	0	0	0	5684.76023870138	0	0	0	3900.72605042128	131770.709998785	0	3899.77596952786	671419.761387648	223806.587129216	223806.587129216	6586.93076235628	32951.5378409758	78332.3054952256	230274.874237288	22178.1287317199	61784.1334518296	8237.88446024395	0	0	0	237650.384743728	0	15369.9073120445
132169.129154478	1180881.33717781	132169.129154478	0	0	132141.237950938	0	21798.8540110095	0	1147.30810584261	0	132109.198488584	0	0	0	0	0	0	0	0	5883.6795279723	0	0	0	3999.46646706941	135106.26718458	0	3998.47659901215	708208.159528574	236069.386509525	236069.386509525	6753.64141899244	33716.8620613856	82624.2852783338	242698.578756929	22953.9930190264	63219.1163650979	8429.21551534639	0	0	0	249085.103542507	0	15907.7261311844
