WasteGenerated	CollectedPlastic	FormalCollection	InformalCollectSorting	MixedCollection	FormalSorting	ExportedWaste	ImportedWaste	CLMechanicalRecyling	OLMechanicalRecyling	ChemicalConversion	UnsortedWaste	UnsortedManagedWaste	EngineeredLandfills	ThermalEnergyRecovery	FuelsFractionChemConversion	UncollectedWaste	MismanagedWaste	OpenBurning	TerrestrialDumping	DirectToWater	UnsanitaryDumpsites	OceanLeakage	RecycledPlasticPolymers	RecycledMonomers	VirginPlasticInput	ExternalSource
0	0	1329.6394755723	134.403660175974	1329.63947557415	0	0	0	0	127.682756658822	0	1370.8339612564	39.4132171180254	1962.76751131667	0	0	3753.41563111193	1331.42074984158	433857.522513672	205028.187006019	70.3244398519645	60886.3537896445	32954.9811468698	13524.5976451969	0	0	0
0	0	1358.24548550745	142.791302231043	1357.95789715087	0	0	0	0	135.571173119596	0	1401.38598510672	40.2825546047211	5946.36724156073	0	0	4162.70823710747	1360.78790261512	739612.589768312	350250.63905443	72.1826639926843	103057.663303243	56124.5864535911	23128.57037718	0	0	0
0	0	1387.64215309662	148.705749786284	1387.34673737168	0	0	0	0	141.213576587949	0	1432.5969855461	41.1799890146799	10020.1063550337	0	0	4599.07699152693	1391.10419959395	1072176.77003823	511076.483578673	74.1347596693537	146033.746873608	80910.9236189216	33233.615721716	0	0	0
0	0	1417.63046526838	154.811874821614	1417.33325466757	0	0	0	0	147.012240895652	0	1464.44962086351	42.0956484547908	14184.6137986815	0	0	5060.30942090755	1422.03615763993	1433110.90427717	688409.889926137	76.1420502642954	189865.761373368	107400.328060423	43754.245086446	0	0	0
0	0	1448.12296046445	161.146282165699	1447.81658560422	0	0	0	0	153.027732606732	0	1496.86672674857	43.0274845836217	18441.4552917708	0	0	5545.12331161029	1453.51458158239	1823818.43980217	883099.380000298	78.2002350445813	234563.894366751	135672.370739613	54706.1404315005	0	0	0
0	0	2265.11442015357	167.714667202931	4466.53461429017	0	0	0	0	159.265450405092	0	2276.11664091813	126.533413793048	26272.8576939713	0	0	4866.40935577556	2141.33119626825	2228214.82206904	1074446.86342486	106.270587482765	291072.074058195	166056.609165563	66151.4542517647	0	0	0
0	0	2492.35031841531	174.520847767042	4975.89715820492	0	0	0	0	165.729054780471	0	2536.88451747384	209.773492949438	43127.503401518	0	0	4748.74786845171	2324.89675763837	2635254.19576601	1250836.08029813	109.371750849704	364287.353079605	198228.582862732	78185.5409477679	0	0	0
0	0	2705.87276700698	181.570078788861	5403.21599498185	0	0	0	0	172.423488076902	0	2751.47517427021	302.108614446416	68664.6267993809	0	0	4617.98726062915	2447.22468269318	3042590.8114374	1422783.95584169	108.643690962076	442162.602049726	230403.632862312	90825.2529413818	0	0	0
0	0	2909.77171330527	188.868270357305	5811.40039412149	0	0	0	0	179.354377539235	0	2956.50024677561	404.782106814063	103958.061633179	0	0	4468.52966463534	2549.67374065924	3447913.14632061	1589586.78070541	106.489258153879	523981.689056909	262306.246231284	104097.429734154	0	0	0
0	0	3101.46735789711	196.420764075731	6195.2649712543	0	0	0	0	186.526801719987	0	3149.36220078352	516.591371184948	149982.876058576	0	0	4301.51934102628	2630.84917048357	3848964.08693613	1750578.96419083	103.0062297067	609023.612707792	293682.194255488	118029.818884231	0	0	0
0	0	3278.10685976749	204.231450981193	6549.12812597596	0	0	0	0	193.944477072547	0	3327.21905407307	636.007342466255	207576.337547051	0	0	4118.39153761055	2689.44004655228	4243477.64033683	1905145.10582514	98.3093489892523	696511.306465038	324287.526378001	132651.008037147	0	0	0
0	0	3436.912836405	212.302965346917	6867.45384974693	0	0	0	0	201.609925391812	0	3487.29954174462	761.206024759096	277408.688748148	0	0	3920.63543505493	2724.49940797315	4629200.78271846	2052721.81070493	92.5384910359242	785623.282172885	353892.215885191	147990.340571038	0	0	0
0	0	3575.28180959639	220.638091330849	7145.02823818219	0	0	0	0	209.525785412297	0	3626.99181220627	890.099544484001	359956.551019852	0	0	3709.62475944233	2735.50372775588	5003909.1095465	2192793.42668873	85.8558272750015	875507.577685449	382283.226372755	164077.876925153	0	0	0
0	0	3690.36957716474	229.24080038247	7376.14044440482	0	0	0	0	217.695800609397	0	3743.43573763116	1020.25149914517	455468.773276228	0	0	3487.03534225143	2722.02966441735	5365432.81059411	2324904.04669431	78.4316605493845	965285.677035121	409266.928015728	180944.43961332	0	0	0
0	0	3779.25545863374	238.111821378154	7554.95348931089	0	0	0	0	226.120711055289	0	3833.70940878268	1148.896632588	563934.122567094	0	0	3254.6119086068	2683.92127130291	5711677.43394056	2448660.859918	70.4472721034687	1054061.93702115	434671.410955784	198621.590929358	0	0	0
0	0	3800.41567247804	247.255646477979	7600.00890461985	0	0	0	0	234.804732418923	0	3857.93279939748	1233.87550936375	683365.82417622	0	0	3007.0768521656	2623.84012612812	6040334.40717327	2563609.0567886	64.7150742569856	1140871.16542008	458437.587652911	217122.061065833	0	0	0
0	0	3790.68308349084	256.673040184922	7581.76602030359	0	0	0	0	243.748659344517	0	3850.11465733738	1308.34589740851	810514.873076547	0	0	2758.43370875776	2541.85918664274	6349703.34404606	2669446.4352674	58.7456341544772	1224969.39666937	480633.910581677	236445.810128192	0	0	0
0	0	3749.15303811194	266.362813278193	7499.97172983745	0	0	0	0	252.951373996743	0	3810.50358392674	1371.20951526276	944546.530915644	0	0	2510.70678788896	2439.70247557739	6638413.93748405	2766167.18617826	52.5923726200223	1305517.46345907	501141.884082978	256626.588809669	0	0	0
0	0	3675.01718514915	276.324551099232	7353.0265383388	0	0	0	0	262.412422732687	0	3738.29406324849	1420.12184795717	1084178.6768102	0	0	2266.71586576354	2318.9078879224	6905460.39293353	2853870.99876132	46.3941523492213	1381794.64357934	519901.371131303	277694.589084491	0	0	0
0	0	3567.42802331136	286.556241688938	7139.1324031258	0	0	0	0	272.130008483905	0	3632.57945133041	1452.7663555158	1227894.64969585	0	0	2027.41551638146	2180.88175098679	7149960.0488811	2932690.05968097	40.2600903578975	1453123.39093129	536869.696243642	299680.367150387	0	0	0
0	0	3426.67064560602	297.057853177347	6859.00851671336	0	0	0	0	282.103942973111	0	3493.71232765117	1467.27473959869	1373982.27263149	0	0	1795.91056117347	2027.84075674852	7371344.29162277	3002877.92951708	34.3067795375251	1518897.48282707	552032.368192131	322614.687887727	0	0	0
0	0	3252.60215966022	307.827991864378	6512.13077615701	0	0	0	0	292.333059534838	0	3321.41946474943	1461.54065870417	1520511.16551871	0	0	1573.05213802866	1861.61279800903	7569187.29837183	3064715.73282517	28.6287974773079	1578570.96773979	565392.107633056	346528.740763907	0	0	0
0	0	3046.50268359817	318.863604911121	6101.25003909985	0	0	0	0	302.814370564469	0	3117.06870402326	1434.18029178155	1665396.77947445	0	0	1361.15124039251	1684.94482966544	7743364.96880458	3118577.78268813	23.3239864486804	1631690.02651685	576977.425730743	371453.865711852	0	0	0
0	0	2809.48949040859	330.158329960569	5628.40697344595	0	0	0	0	313.541941149273	0	2881.66777132841	1383.75385624227	1806395.60038047	0	0	1161.23439189553	1500.27858785336	7893953.11273923	3164876.96463098	18.4682629968272	1677885.23865333	586835.301342589	397421.460812819	0	0	0
0	0	2543.89488804693	341.709767915272	5098.38323227773	0	0	0	0	324.513551638501	0	2617.59886936885	1309.58121947748	1941171.62515848	0	0	974.696204842616	1310.66958369009	8021293.22899976	3204083.97670649	14.129932784887	1716892.75279056	595033.791928203	424462.872965665	0	0	0
